5571
16384
16385
32771
4
32772
7
11
8212
32788
16406
24598
8215
24599
32792
16409
32795
8220
29
32799
24608
8227
16421
16422
24614
8232
16426
24618
8235
46
32817
24627
24630
24631
32824
24634
32828
24638
64
16448
24640
8257
32837
16455
32839
8264
16457
24654
32846
32848
8273
24659
8276
16469
8279
16471
24663
92
24668
93
8285
24670
32865
32866
99
8291
16483
24675
101
32869
16486
32871
8298
24682
16491
16496
24688
32880
8308
118
8310
24694
32887
121
8315
125
32893
126
32894
8319
16513
32898
8323
16516
32900
16517
32901
24710
8327
24711
137
139
16523
32908
8333
32911
144
16528
24721
32913
32914
8339
8343
32919
32920
16537
16539
156
16540
157
8351
16544
16548
8357
16549
24741
24745
32937
172
16556
32942
16559
176
8369
178
24756
24757
32950
8375
16571
32957
190
16575
8386
24770
32962
8390
16582
8391
8392
24776
32971
24781
16590
16591
24783
32975
16594
8404
24788
16597
24790
8407
32983
8408
219
8413
16605
24797
224
16609
24803
8427
16623
8432
24816
24817
242
24821
8438
24823
24826
16635
24828
33020
253
24829
255
8447
256
24832
258
16643
33027
8455
266
33034
24844
8464
273
8465
33042
8467
16660
279
8475
33056
289
24866
33059
24868
293
33061
296
8488
16680
24874
8491
33069
16686
8495
304
24880
8497
8500
24884
24886
8504
16697
8506
8507
33084
33085
33086
33087
8513
16708
325
16710
24902
33094
327
16714
333
8527
336
24912
337
16723
340
33109
33110
8537
33114
24923
348
24924
33117
8542
24930
16739
356
8549
33126
24936
16746
8555
364
33132
33135
16753
24946
33139
8570
24955
16764
16765
33150
24959
385
8579
8582
24966
8583
392
393
16778
24970
395
24971
24972
8591
16783
16784
401
8595
16788
33174
8599
24983
24984
16793
410
411
24987
8605
33181
8607
418
8610
16803
8612
16804
421
16805
24997
8614
16806
24999
424
16808
8617
16811
25003
8621
25005
25006
25007
8627
16819
25012
33204
8630
33208
8635
16827
33214
16833
8646
455
458
8653
25039
33231
33236
25045
16855
8667
16860
33245
8670
16862
16864
481
482
25058
484
16868
25061
33255
488
33256
490
16875
8684
493
25069
25070
495
16880
16885
16886
16887
8696
25080
508
25084
33276
25085
8703
513
8706
16900
16903
8712
16904
8714
523
16907
25100
33294
33297
16915
8726
536
540
25118
16927
546
8740
550
551
16935
25130
8749
558
25135
16945
16956
25148
573
16957
574
33344
577
16961
8770
16966
25158
8776
585
8778
8779
8780
33356
8781
590
8782
8785
16978
25170
33362
33363
16980
16982
16984
25176
16985
603
16987
16988
16990
8800
611
8803
33379
33381
25191
17000
33384
17002
25194
33386
17003
25196
622
8814
17006
17007
25199
25200
33392
33395
25204
8821
8822
25210
33402
17019
17021
25214
17023
33407
17025
33409
642
17026
25221
649
25226
8847
656
657
658
8850
33427
660
8853
25237
25239
33431
665
17049
8859
33435
17052
33442
25251
17067
688
25266
17075
33460
33461
17078
8888
25272
33466
33467
33468
701
25277
17086
25281
8902
712
8904
25288
714
8906
715
17102
8911
25295
721
722
8914
33490
33492
725
17109
33493
17110
17111
25305
731
734
736
8929
25313
8931
17124
25319
17128
25320
33512
8940
33520
8948
33524
33525
33526
8951
25337
17146
25341
17151
25345
25346
771
772
8964
8965
777
8970
17167
33552
785
17169
33553
787
8979
25363
17172
8985
794
795
8987
33564
17181
798
25375
25377
802
17186
33570
25380
805
17189
25381
806
808
809
9002
33578
25387
813
9006
815
17199
816
25392
817
9009
17201
33585
9010
33586
9011
17203
17206
9016
33592
25402
9020
25404
33596
17213
25405
9022
33600
33602
33603
25412
17221
33605
839
840
17224
841
25417
842
9036
17228
845
9038
847
17231
9040
17232
25427
852
9044
25428
33620
33623
17242
25434
17244
17245
33630
9055
864
25440
17249
9060
9063
33639
25448
9066
25450
17260
17261
879
17263
881
9077
886
17272
33659
892
33661
25470
17280
897
25474
17283
17284
9096
17288
907
910
913
17298
916
33684
9109
919
9111
25497
9116
926
17311
9120
17312
33696
25506
9123
933
25510
9127
17319
33704
9129
33706
33709
25518
9135
25519
17329
33713
33715
9140
17335
17336
25528
953
33721
9150
33728
17345
25537
33729
963
17347
9156
33732
9157
9159
9163
33740
9166
25550
9168
17360
33745
25554
33746
9171
25557
17367
985
17369
25561
9178
9180
990
25566
9183
17375
17377
33761
17378
25570
33762
9187
17379
33763
17380
25573
33765
1000
33768
9193
33769
1002
9194
25579
9196
17388
9198
17390
1008
25588
25590
33782
1016
33786
33788
1022
17408
25601
1027
25607
9224
17416
33800
9225
25610
17419
25614
1039
25615
9232
17428
33812
17429
17430
9241
1050
17436
1055
17441
17442
25638
1063
25640
9257
25642
1067
1070
9262
25646
33838
33840
9266
33842
1076
9268
33844
33845
33848
1081
9273
25657
33849
1082
33850
25661
33853
9282
9287
17479
17481
9291
25675
25678
17488
17489
33873
1106
25683
25686
1111
1112
17496
17497
1114
1118
9311
9312
17504
9314
25698
33891
25700
17510
33895
25704
1129
1130
17520
25713
1138
25714
1139
1140
9332
25716
33912
17529
9338
9339
9342
1151
9345
33922
9347
33923
1156
9348
17540
33924
1157
1158
33926
33929
1162
9355
33931
25742
1167
33935
25744
1169
33937
9362
9364
25749
17559
9368
17561
33946
17567
1185
25761
1186
1188
17572
25764
1191
33960
1194
17579
9388
1200
25777
33969
1202
33970
17587
33973
17590
25782
9400
33978
17595
33981
25790
1215
25792
1218
1220
17604
25797
9414
1223
25802
1227
33995
17615
1233
17621
25813
1238
17622
25814
17623
1240
25816
34008
9433
34009
9434
17629
34016
17633
25833
9455
25840
34032
9460
1269
1271
25848
17657
34042
34043
1276
17662
34046
9471
34050
1283
1284
1285
25862
17671
34055
34056
9481
9482
25866
34061
1296
9492
25876
34068
17686
9495
25880
9497
34075
34079
1314
9506
25890
9509
25894
34086
17704
1321
9514
17707
25904
17713
25906
9523
25908
9526
9529
1340
17725
1342
34111
1347
1350
9546
17738
34124
17741
25933
1358
9551
25936
25937
25939
1365
1367
25945
34137
25946
1371
1374
25950
1375
34144
9569
17763
25956
34148
9573
25959
25960
34154
17771
34157
17774
25968
9586
17778
34162
9587
25979
34171
34173
1406
1407
1408
9600
17793
9602
1411
9604
1413
25990
17799
25991
25992
1417
17801
1419
25996
34188
9613
34190
34191
9616
34192
34193
9618
9619
17811
34195
9620
9621
17816
17820
9630
34207
1441
1446
26023
34215
34216
34220
26029
26030
1455
1456
34224
17841
1458
34227
34228
1461
26038
9656
34233
17850
1467
34235
9660
17854
9664
26054
1479
1481
26062
1487
17871
26063
34258
9683
34260
34261
1494
9686
26070
9687
17879
26071
34264
9689
26073
26074
17883
17884
9693
26078
9696
34274
26084
34276
9701
9702
17896
17900
9709
34285
17903
9712
26096
26098
26100
9717
34293
17911
1528
9720
34296
1529
26105
9725
17917
17918
9728
9730
26114
1540
9733
26118
1543
34311
26120
34312
1546
17930
1547
17931
34318
9745
34321
17939
26133
34325
26134
17943
26135
26136
1561
34329
17946
26138
9755
17947
9756
26141
9758
17951
1569
26145
9763
17957
1581
9773
1584
26160
34355
9783
1593
34361
9786
34364
17981
9791
26175
26177
9796
34379
17996
17997
1616
9808
34385
1618
1619
1620
9812
26196
9815
18009
34393
26205
34399
26210
9828
9830
34407
1644
1645
9837
26223
34415
34416
34417
18034
34418
26227
34419
18038
26230
34423
9849
34426
34427
1661
1662
26238
26240
18050
26242
9860
9864
1674
34443
1676
9868
9869
26253
9870
18062
9871
26256
34448
9873
18065
18066
26261
9878
26262
26263
26264
26268
1693
26269
26271
18081
18083
34470
1704
18088
9897
26284
9901
26285
18094
1711
9906
26290
9910
26294
1719
18103
9913
34489
1722
26298
26299
26301
1726
9918
34494
26303
18112
1729
18114
26306
1733
34502
26313
9931
18127
9936
18128
26320
26322
9940
18133
26325
18135
26327
34522
26333
34526
18144
34528
34529
34530
18147
26339
18151
9960
1769
1771
34541
1774
18158
18162
34546
26357
34549
18166
1783
18177
34562
1795
9988
9991
34568
9993
34569
26378
9996
1805
26381
34573
34575
26384
26387
18196
34580
1814
18198
10008
26392
1819
10011
34587
1821
18207
34591
34592
10017
34593
26403
34596
26405
18215
1832
10024
26409
34602
34605
1840
34608
1842
18227
34611
18230
10039
34617
18234
10044
34620
10048
18241
18242
18246
1863
26440
34635
1870
1871
34639
34641
26450
34642
1875
18261
18263
34648
10079
26464
18274
10083
18275
34659
18277
10087
34663
10088
34669
26478
1906
26483
10100
26484
1910
18294
1911
10103
10104
1913
10105
1914
26490
10109
34685
1918
26494
34687
1921
1923
1924
34692
34693
1930
26506
1931
10123
26508
1934
1935
34704
10132
26516
1942
10134
34710
1944
34717
26526
10143
10144
34720
18337
26529
1955
26531
1957
18341
1958
10151
34727
1962
26539
10158
34734
26544
34736
10163
18355
10165
26555
18364
10173
26557
34751
1987
10180
1989
18373
26565
18374
26567
26568
26569
1994
1995
26572
34764
1998
2000
2004
26581
18390
34774
10199
26583
34775
2008
10200
2009
2013
34782
26592
34784
2017
26593
18402
2019
26595
2022
2025
18409
18411
34797
26608
18418
34802
2037
18421
2038
18422
34807
26617
18427
34811
10236
2045
10238
34817
18434
18435
26627
26629
18438
18440
2057
2058
26634
34828
34830
10256
2067
2069
34837
10263
18455
2073
26649
34841
2075
26652
10269
34845
2078
10270
26656
10273
26657
26661
2090
18474
18475
2092
18476
10285
18477
18478
2095
26672
34864
18481
2098
10291
26676
2101
26678
10297
18490
2107
26683
26684
2112
26689
2114
26691
18502
34886
10312
34889
18506
26699
10316
26700
2125
10317
26702
2128
10320
2129
2130
26706
10324
26708
34900
26710
2136
26712
18522
2139
10331
26715
26717
34909
26720
26722
10339
18532
34916
18534
18535
18537
26729
26730
18539
2156
18541
2158
18543
10352
26736
34930
2163
26739
10356
18549
10358
18551
10360
2170
26749
18558
26750
26751
10368
34944
10372
10373
10378
26762
10379
34955
2189
10381
26765
2191
26767
2192
2194
18578
2198
18582
34966
10391
34967
2200
18584
10395
2204
26781
18590
10399
34976
34977
18594
10406
18598
2216
34984
10409
2218
2221
10414
10418
18612
18613
2233
10425
2239
18623
10432
18624
35008
35009
2243
35012
18629
18631
2249
35017
35018
2251
2252
26828
10447
2257
18641
35027
18644
2261
10453
26837
35029
26838
35031
26840
10459
26843
26844
2271
18656
10466
2277
26853
2278
10470
2279
18663
10474
26859
2285
2286
10479
10481
2293
35063
2296
10488
26872
18681
26874
2299
10491
26875
26877
2302
10494
2304
2305
10499
18691
10502
2312
2313
10505
10509
2318
26895
2320
10514
18706
26898
35091
18708
26903
2328
10522
35098
18716
26908
10526
35103
26912
10530
2339
18726
35110
26919
18728
26920
26924
2351
35120
2353
10545
2354
18743
10552
18744
26936
18745
26937
2362
35130
10556
10557
18750
10560
10565
18758
2375
2376
10568
10571
35149
35155
2388
10580
35156
18773
10585
18777
35163
2397
18782
26974
10592
35171
18788
2405
26981
26985
35177
10604
18796
2418
10612
18805
2424
27000
10617
10618
2427
10619
18812
10623
18816
2433
18818
2438
35206
18823
27016
35208
2441
18826
27018
2443
27019
35212
2446
2447
2451
10645
10646
27031
27034
35226
27036
10654
35230
35231
27042
35235
27045
2471
27047
27048
10666
10668
27052
27056
35248
35250
35252
35253
18871
35255
2489
35258
2491
10685
10687
35264
18882
2501
10693
2504
10696
27080
2507
10700
18892
35279
2513
27089
27090
10709
27093
27097
35289
35290
18907
35291
2525
27101
2528
35296
10721
18913
18914
18916
18917
10728
2537
35305
18922
18926
2543
27119
2544
10737
10738
27124
18933
35319
18936
10745
35321
10746
27130
10748
27133
10750
2559
27135
2561
27137
35330
18947
18948
35332
2565
18950
10761
18953
35337
18954
18955
35339
27148
27149
35341
2574
27151
2576
18962
18963
2581
10775
35351
2585
10777
2586
10778
35354
2587
18971
27164
10781
10782
18974
18975
27167
35360
2594
10787
18979
18981
35365
27174
27175
35368
27181
35373
27183
10800
18992
27184
2609
27185
35377
27186
2612
10807
18999
10808
19000
19001
35386
2619
10812
27196
10813
19009
35393
19013
10822
19014
2632
27211
19020
27212
10829
35411
2644
35412
19029
35413
19030
19031
10840
27224
19036
35422
2657
2659
19043
2662
19048
2665
10857
2666
2670
2672
19056
10865
19058
27251
2677
19065
10880
2689
35458
10884
10885
27270
35462
2696
27272
10889
27273
2699
35467
19084
27276
10897
35473
2706
27283
27284
10901
27288
35483
2716
19101
27297
27299
10916
10918
19111
2730
2731
19116
35502
10927
19121
19124
19125
27317
10934
2745
27322
10939
27323
19133
2750
19135
10946
35525
10950
27337
19146
19151
19152
19154
19156
10968
10969
27353
2778
27354
19163
35548
19166
35550
35552
27361
2786
27362
2788
19173
19174
2792
27371
2796
35566
35570
2809
35577
27387
11004
11006
35582
2817
19203
35590
11015
19207
35592
27404
2830
2834
2835
11030
11032
27416
19225
2842
11034
27420
27422
11040
2849
2850
2852
27428
11048
35624
2857
19243
2861
11053
11054
35631
2865
2868
27448
35641
11066
19263
2881
2884
35653
27466
35659
2893
11085
11086
35662
19279
27471
2897
11089
35665
35667
35670
2905
27481
35675
35676
2909
19293
11102
35678
11104
35686
19304
27497
19308
2925
11118
35695
35696
2929
27505
35698
11125
11127
27512
19321
19322
35706
19323
27515
27517
35710
2943
27519
35711
27522
11139
35715
11142
19335
2952
19336
19342
19344
2964
11156
35733
35734
19351
11160
35736
27545
19355
2972
11171
11172
27556
19365
2983
19368
35752
27561
27562
2987
35755
11180
27564
35757
35758
2994
19378
11188
19382
19385
19386
27578
3004
19388
27581
27585
27586
19398
35782
35786
11211
35787
35788
19405
27598
35791
35792
11218
27602
27603
19414
35798
35802
11229
27614
27620
11237
3047
3048
35817
3051
35819
19436
11247
11248
19443
27635
3061
19446
35830
19447
3064
27643
3068
35836
3069
19453
19454
27648
3076
27653
11270
19463
27655
3080
11272
35848
3084
27660
35852
27661
27669
11290
19485
27678
27679
35871
35872
11297
3106
19490
11299
27685
27688
35883
19500
3117
11311
35888
3121
19507
3124
27701
27704
3133
27711
19520
35904
11329
19522
27714
11331
27715
3142
3143
11338
27723
3151
19537
19540
27732
3157
11349
27733
27734
19543
11352
35928
27738
35931
3166
27742
35937
19557
3175
3178
3180
19565
27757
11374
19567
35952
11377
3186
19570
27762
19577
11386
35962
3195
27771
27773
11390
11391
19585
27777
3202
35970
3203
19588
27782
3208
11401
19593
27786
11404
35981
3217
11411
35989
27799
35991
11416
35996
11421
3232
19617
27810
3235
19619
27811
3236
36004
11429
36007
36008
3243
27821
36013
11438
19630
19632
27825
19635
36020
19641
36026
11452
19644
36028
27837
11457
19653
27847
3274
19658
11467
27852
3279
27855
19665
11474
19666
11475
3285
36053
27862
27866
36062
19679
27871
19680
3297
27874
19683
36068
19685
3303
19688
36072
36076
36078
3311
36079
11506
3316
19706
27898
11515
36091
36094
11519
36095
27904
27907
3333
11526
19719
3336
11531
27916
11533
3342
19727
3344
27922
3348
11540
3351
27931
3359
36127
27939
36131
19752
19753
27945
11562
19755
3372
27950
11567
36143
19760
19769
11582
27966
36158
11583
36159
3393
27969
36161
27970
36163
3396
19781
36165
3398
27974
19783
27976
27977
11597
36173
19790
11601
11603
19796
3413
11609
3418
19802
27996
19805
11615
11617
3427
3428
36196
19813
28006
11623
28009
36201
3436
11628
28012
36205
36207
11633
36212
19829
3447
11641
36217
36219
3452
36220
3453
3455
19839
36223
11648
28032
19841
3458
19844
3461
28037
36230
28041
11659
11661
28045
3470
19854
36238
3471
36240
36241
19861
11671
36249
36250
11675
19868
36254
3487
19871
28063
3490
36259
11684
28068
36261
28072
11689
19881
36265
28074
28075
36276
11702
36279
3514
11706
19898
36283
3516
11708
3517
36285
11710
28094
36286
19903
3520
19905
19907
28100
28101
3527
19911
19916
3537
3539
3541
11733
36309
11734
28121
19933
3551
19937
36321
11746
36322
11753
28140
36335
19952
3571
28147
11765
19957
28149
36341
3576
19960
36344
11770
19964
28157
28158
11775
36351
11776
3585
36353
11780
36356
3591
3593
28169
11786
3596
3598
19982
11791
19985
11794
28180
36372
11798
36379
3612
28188
28190
19999
36383
36387
3621
28197
28202
20012
20016
36401
20020
3639
20023
3640
36409
11834
20026
36410
28222
3647
20032
3650
28227
28228
11846
20041
3658
28234
20043
28235
36428
28237
28241
20050
36434
28243
3670
3675
11867
3676
28252
36445
3678
28254
3680
20064
28256
20067
3685
11878
3687
11881
36457
11882
36459
11885
36461
20078
11889
36465
3699
11893
11895
28281
11898
20091
28284
36476
11901
3710
20094
20095
28287
11904
11905
3714
36487
28296
3721
11913
3723
20107
28301
36493
28302
3727
11921
36499
28309
36501
20119
36503
20121
20122
36506
11931
28315
36508
36510
36511
20128
36514
11939
3748
3751
11943
20135
36519
36520
20137
36522
3756
28332
3760
11952
20144
3761
11954
28339
36534
36535
20152
36537
28346
3771
28347
28348
20157
11966
3775
20159
28351
20161
28354
36548
11973
28358
36550
3798
36570
11997
11998
28382
11999
12001
28385
12002
20195
3812
3813
20198
12009
28393
12011
3820
20204
3821
3822
12014
20207
20208
28401
3826
36594
12019
28403
28404
12021
12023
36601
36602
12027
12029
12030
20222
12031
3842
28423
36615
3848
28426
12043
20235
12045
28431
36623
20240
28432
12050
3859
36627
20244
28437
36630
36631
36632
3866
12058
20250
36634
3867
36635
28447
12065
20259
20260
36644
12070
28455
3881
3882
3883
20269
12078
20272
3894
28470
20283
3900
20285
3903
12095
20287
20289
20292
20294
12107
3917
20303
12112
20304
36688
3921
12114
36690
3923
28500
3925
20309
36693
28502
3927
20313
28507
28508
36700
28510
36707
36709
28518
36712
28524
36717
3953
28530
3958
36726
12154
3963
12155
20347
12157
28542
3967
28544
12162
28546
3972
12164
28549
12166
20358
3977
12169
12170
28554
20363
12172
20364
20372
36756
3991
28568
3993
3994
28570
28571
20380
36764
3998
12190
36767
4001
12193
20385
20387
36771
20388
28580
12198
20392
28584
36776
4009
12202
28586
12204
36780
4015
28591
28592
28595
12212
28597
36789
4023
28599
12216
28601
12218
28604
12221
36799
28609
4037
36805
4039
20423
12234
20428
20429
12238
12240
28624
12241
36817
12246
20438
12247
36823
4057
20442
28635
36829
4062
28640
4067
12259
20451
28643
4068
36837
28649
20460
36846
12272
20464
28657
4084
4086
12278
12280
36859
20476
28668
4094
20480
4099
36867
36870
4103
12297
12298
28682
20496
4114
20499
20500
36884
20502
36886
4119
20504
20507
20508
4125
4126
36895
36897
20517
4136
4138
20522
4141
20527
28719
36913
20530
28723
12340
20533
28726
12343
4155
12351
36927
4162
28738
4163
4166
36934
12361
12362
36938
12365
20557
28749
12367
12372
20564
12373
36950
4183
12375
12377
36954
12379
36955
12381
20573
28767
4192
12384
36961
20578
12387
20579
4197
20582
20586
20587
4204
28782
36975
12400
4209
36980
4215
4216
20600
12410
28794
28796
36989
20607
12420
36996
28807
4232
12424
37000
20621
37005
12430
28815
12432
28823
4249
37019
4252
4253
37022
12447
28833
12450
4259
12451
4261
4262
20646
28838
28839
4264
20649
37033
4267
4270
12462
37038
12463
37039
20656
12465
20659
20660
37045
12473
20665
4282
12474
28858
4286
28863
4288
12485
28869
4295
37063
12489
37066
4299
12491
20684
28876
4301
4304
28882
12499
4308
20692
4311
37085
28894
37087
12512
20706
4323
37091
20708
28901
4328
37100
20718
12527
20722
37108
4341
28919
28922
28923
12542
28930
28931
37124
28933
20743
28935
37131
20748
28941
20751
20753
4377
12570
4382
28959
37152
12577
12580
37162
4395
4396
4398
20783
37167
12593
20787
37174
4408
37176
37177
4411
4412
20797
28989
4416
12608
20800
28994
12611
37187
4420
20805
20806
4424
29000
12617
20813
37197
20815
12627
4437
37205
4440
29016
4441
12633
37210
37213
20830
37214
4448
37218
20835
29027
29028
20837
29030
4455
12647
20839
20841
12651
4463
20848
37232
4468
29044
29045
12662
29046
37238
20856
29050
4477
12671
12673
20865
20866
4486
12680
12682
20876
20877
37261
20878
12688
37265
37266
4500
4503
12695
29079
4510
37278
4511
12703
4517
37287
37293
12719
29103
12724
4533
20921
12733
29117
4542
37310
4549
4550
4552
12745
12747
29131
29133
4558
4560
4561
20946
29139
37333
29142
4568
29144
29149
29150
12768
12774
20966
29158
4583
37353
12779
12780
29164
29167
12785
29170
12791
29175
29176
4602
4603
12795
29179
20992
20994
29186
12804
20999
37383
12809
37385
4618
12811
37387
29196
12814
21006
4623
29199
29201
4626
4629
21013
21014
29206
37399
4633
4634
37403
12828
12830
29214
12832
29221
12841
4650
21035
37419
37420
29229
12847
21042
37426
29236
12853
29237
4662
12856
37433
37436
12861
4673
12865
37445
37446
4679
21064
21065
37451
21068
37454
37458
37460
37461
12886
4695
21079
4697
21084
37468
12893
21089
12900
4710
12904
4714
29290
4717
37488
29297
37489
4722
29299
12916
21112
12921
12924
21116
29308
37500
21117
12927
37503
21121
37505
37506
4739
12934
29322
29323
21132
29324
37516
4749
21133
4753
21137
21139
4757
4758
37528
4761
29339
4764
37532
37534
21153
29345
37537
4771
29347
4772
21157
12966
29351
12971
29355
4780
21164
37549
12975
21168
37552
21169
29361
37558
12984
12986
21178
29371
37563
4798
21182
4799
21185
29377
21186
4803
29380
37572
12997
37580
13006
4816
4818
13010
29394
21205
4827
21212
29405
37599
29409
37601
13026
37603
4837
37606
4839
4842
37610
37612
29423
37616
29425
4851
29433
21242
37629
21249
29443
4868
4871
13064
13065
13066
37644
21262
4880
29456
4884
21270
13079
21271
29463
13084
21277
4894
4895
21279
13091
21285
13095
37672
21289
4907
37679
13108
4917
13110
29496
29497
29498
4925
4927
21315
37701
29511
4937
21325
29519
37711
21328
21329
21330
29522
13139
29523
13141
13143
37719
13145
29529
13146
21338
29530
37724
4957
37725
37726
37727
13153
21346
29539
4964
21351
21354
4971
13164
13165
4975
4976
21360
37745
21362
21364
29557
21367
13177
29561
13180
21372
29564
21373
13182
29567
21377
29571
37763
21381
13190
37766
21384
21387
29579
29580
29582
13199
5011
29587
13204
13205
5015
29594
37786
37788
37790
13218
37797
21415
29607
21417
37801
21418
29610
29611
37804
29613
37806
21424
29616
29617
5042
29622
21431
13241
29627
13244
5055
29632
37824
13249
21442
37829
13254
21446
37830
13255
37831
37832
5065
21449
5066
5067
21451
29644
37836
13261
21453
29645
37837
29647
5074
37842
29651
37845
13272
5081
21465
29658
29660
21472
37858
37859
13284
29670
13290
21482
37866
21483
37868
29677
29678
21487
21493
37879
37880
29689
21498
37882
37885
21502
5119
13311
21503
29696
13313
5123
13315
5124
5127
13319
21512
29704
37896
29709
5135
13327
21519
5136
13328
37904
29713
5138
37911
13336
21528
29721
29723
29724
29726
29727
37919
21537
5156
29732
5157
37925
37927
29738
21547
37933
37934
13359
13364
29749
5177
21561
37946
5179
37947
13372
29756
5188
13381
29765
21574
21579
29771
29772
13390
29775
37971
29780
37972
21591
5209
13404
21597
5214
29792
37987
5221
13413
37989
5223
21607
21609
38000
5233
13425
21619
29812
21621
5238
13432
38009
38010
29819
13439
29825
5250
13443
29837
29838
5263
21649
29841
29842
5267
29843
13460
29847
38040
21657
13467
38045
13471
13474
13477
5286
21670
5289
38057
13482
38058
29868
5294
13487
21680
13489
21683
38070
13495
21687
29879
21688
13503
13504
38080
5313
21697
5314
38082
21699
5317
21701
29895
13512
5321
13513
5322
13514
29898
5324
21708
29900
38092
21710
13521
5330
29906
13524
38100
13525
38101
38102
13528
13529
21722
38110
5346
5347
38116
5353
13545
5354
29932
38124
5358
21742
13551
38129
5362
21746
21747
5366
5367
13559
5374
38142
21759
5376
21761
5378
38146
21763
21766
13575
5388
21772
21774
29968
38161
21782
13591
5401
13594
13596
38172
5405
38174
13600
29984
21793
21794
5412
5413
13605
29990
5417
13610
29994
13611
38187
29996
21805
5424
21808
30000
38192
5425
30002
13620
21812
5431
13625
38202
5436
13628
21822
21823
30015
38207
5443
21827
30019
5446
5448
5449
13642
21836
5456
30034
21844
13653
13654
13655
21847
21851
5468
13667
13668
21860
30053
13670
5479
30057
5482
13675
30059
5487
21872
5489
30070
5496
30074
30076
13694
30080
5505
5507
30083
13702
5512
21896
13706
5515
21899
30092
21903
13713
5524
21909
13719
13721
30107
5534
13726
13729
5539
13731
30116
13733
21927
30119
5545
21929
5546
13738
21930
13739
5548
13740
21932
5551
30127
5553
13746
21938
21939
13748
21940
5560
13753
13755
5564
21952
13762
21955
30148
5573
13766
5576
30155
21964
5581
21965
21966
5583
5584
5587
13782
21977
13787
30173
13792
21985
30177
5604
5610
30187
13804
21996
30189
5614
21998
13807
30191
22002
30195
5620
22005
13820
22012
5629
13821
22014
5634
30213
22022
13833
13834
13836
22033
5650
13842
30226
5652
22038
5657
13849
22041
22042
5659
13851
22044
5661
13856
22050
22052
22053
22055
5675
13868
22060
13869
30253
22062
13872
5682
13875
13878
5688
30264
22075
30269
13891
5703
30280
13897
5710
13902
30287
30288
13907
22099
13908
13910
5719
30297
30299
13917
30304
30307
22119
5737
5739
30318
13940
30324
13942
30328
5753
22137
5755
30332
22142
13954
5763
5765
22149
30341
5766
22150
5767
22158
5775
5776
30352
5779
13974
13978
22175
30367
13985
5795
5796
22180
5797
5798
22184
22185
13996
22189
30382
5807
30383
5808
14001
22193
5810
30387
5814
5816
5822
30399
14021
5832
30408
30413
22223
5842
22226
22227
22229
30421
22235
22239
5861
30438
14055
14058
30444
22254
30446
14064
22256
14066
14070
30457
5883
22268
22269
14078
14079
14083
5893
5894
30473
22282
30475
5901
30477
22288
5906
30482
30486
30489
14107
30491
5920
22304
30497
14115
14117
14120
5929
14122
22315
30507
14125
14126
22318
5935
5938
22325
14134
22327
30519
14136
30520
5947
30523
22332
22334
30526
14144
30528
22338
5955
14149
5959
5961
5963
5968
5969
5971
30547
5972
5974
22363
30556
30557
30559
5984
14177
5988
30566
22380
30572
22381
22382
30577
14197
30581
6006
30583
6009
6011
14206
14207
6017
14211
22406
14217
14221
14224
6033
14228
30613
14230
14231
30615
22424
22428
22431
6057
22441
22442
14256
6065
22450
6069
30645
14262
30648
6074
14266
30651
14268
6077
14271
22463
14279
30663
30668
6094
30670
14289
22481
6098
14291
22483
6101
22486
6105
6108
30685
30686
14304
22497
6114
22500
6118
6119
22505
14314
14315
6125
14319
22511
14322
22515
30707
14324
30709
14327
6137
22521
22522
22523
22524
14336
30720
14338
14339
14341
30727
6153
14345
14351
22544
30736
30737
14354
22550
22553
6170
6174
14366
22558
6175
14367
22560
14374
30758
22567
14382
6191
14383
22575
6193
30770
30773
30777
14394
6204
6205
30782
14399
30785
6210
14403
14404
22596
6218
30796
14413
6225
14418
6227
22611
14421
30805
6230
30806
14425
30811
14428
6237
22622
22626
30818
14438
30823
22635
30828
14447
6258
14455
30839
14456
22652
14463
30849
22662
6281
6282
14474
14475
22667
6284
22670
30863
6289
22673
30865
14483
14485
6294
14486
14490
6304
14496
22689
6306
14498
30883
30884
30885
14502
22694
30886
30888
14505
6314
14506
30892
6319
30899
22710
6327
6328
22712
22719
6340
22725
22728
14541
30926
30929
6354
6355
6358
22743
14554
6366
30943
6372
14569
22762
6379
14574
22767
30965
6390
6392
14587
30973
14591
30975
22784
6405
6407
14602
14603
30990
6415
30994
14611
30995
6421
22806
22814
22816
6435
22819
31016
6441
22825
31017
22827
14637
31024
6453
6455
31031
31034
6460
6462
22854
31046
6471
22855
31047
6475
14668
6479
6485
22869
31063
14680
31064
14681
6507
22891
6510
31086
22895
6513
6518
14710
22902
31095
14712
22904
31097
31100
31102
31103
22916
6537
14729
14730
14731
31116
14734
22928
31120
6546
6547
6549
31125
14742
22935
31130
14747
31140
6567
6568
14760
14762
31146
22956
22957
22961
14770
14771
14772
22964
6581
31159
31161
22970
14780
14781
31166
22975
31167
22976
22977
22981
31174
6601
22986
6603
22987
14803
22995
14804
6614
14806
22999
31192
23003
6620
14814
31198
23010
23012
31204
6629
14822
31207
6632
23016
31208
31210
14827
6636
14828
31214
23024
31217
14834
31220
14840
14842
23035
14844
23037
6658
14852
23045
31237
14856
31240
6665
23049
14859
23053
31245
31248
31250
23062
6680
14875
23072
14881
31266
6698
31275
31285
6710
23094
6711
6712
23098
14911
6720
23107
31299
14917
14920
23112
31306
23118
14927
6737
14929
23122
14931
31317
6743
23131
31324
31327
31328
6753
23138
31330
31332
14951
31335
6760
23144
6768
6770
23155
6772
14966
6775
23163
6785
14977
31363
14981
23173
14983
31368
31370
6797
14989
6804
23189
6806
23191
31384
15003
6812
23197
23199
23202
15012
6822
23206
23207
23210
23212
6829
15025
6836
23221
31415
23224
31416
23226
6844
31421
23230
15039
31426
31427
15046
15047
31431
23241
23242
23244
31437
6862
31439
15056
23248
6865
23251
6868
15062
15063
15065
31449
31455
6880
23268
6885
15078
31462
23271
15083
15085
31475
23286
15096
31481
23290
23292
31484
23298
23299
6921
31497
23306
31498
15115
31499
15116
31500
6925
15117
31503
31504
6931
15125
31509
15126
23318
6937
15129
23321
15132
23325
23326
31518
23333
31525
23337
15148
15149
23346
15159
23351
31543
23352
31544
23353
6970
31548
15168
15172
23364
6983
15176
6986
6989
15181
23373
31565
15182
31566
6994
23378
23381
15194
31580
15197
23390
23392
31585
7011
7013
7014
7017
15209
15210
23403
23405
7022
23407
7025
15220
7029
23417
7034
15227
7036
23420
7039
15231
31616
7042
23428
31621
7046
23432
15244
31628
31630
23441
23443
15253
7064
31640
31642
7067
23451
31645
31646
23455
15266
7075
23459
7077
7082
31660
15277
31661
15278
7087
15281
23473
7090
23475
15284
7093
31669
7095
31674
7100
15293
15294
23487
31681
15299
23491
31683
31684
15301
15302
23496
15306
15307
15308
7117
7123
15316
31701
7126
15320
15321
23515
7133
7139
15331
7141
31717
31720
31721
23530
7147
31726
23537
31730
23541
31733
7159
31735
31738
15355
31741
23551
31744
7169
31745
23554
31746
15363
31747
15369
31753
23562
15374
7185
15379
15385
15388
31772
7198
31776
23585
31778
31779
7205
31786
7211
7214
15406
31791
31792
7217
7219
15414
7223
23608
23610
23611
15424
7234
23620
7238
15430
23622
23623
7242
7243
31819
7244
15437
23630
15449
31834
31836
15453
7263
15457
15458
15460
23652
15461
7273
15470
15471
31855
7283
7284
15476
23668
31861
31862
23671
15481
23675
7300
15492
7305
7314
31891
23700
31893
15510
31894
23704
23706
15519
15522
23715
7333
23717
31909
15527
31911
23721
15531
7341
15536
31921
23730
31924
15542
7351
31929
7355
15547
23743
23747
31940
23749
15559
23752
7370
31946
7372
15567
31953
7380
15575
31959
23768
31964
7389
15581
7393
15585
7394
23779
7396
31973
7399
15594
31979
23793
7410
7412
15604
23798
23800
7417
7420
23806
31998
15615
15616
32001
7430
32009
7435
23821
32014
15637
32021
7447
23831
7449
15641
7450
23834
32026
15643
32033
7458
23842
15651
32036
7461
23846
23847
7465
15657
15660
32045
15664
15665
23859
15673
7482
32058
7483
15676
15680
23875
15686
23878
7496
23881
15690
7499
15691
7500
15692
23884
32076
7502
15697
23889
23892
15702
23894
7511
23895
23896
7514
32092
32093
15710
32095
15712
15713
7522
32103
7530
23917
15732
23924
32120
32121
32122
15744
32130
23940
32135
15752
7561
15753
23946
23948
32140
23949
23950
32144
32147
15764
7574
15768
7580
23964
7584
7586
23970
32166
15784
7593
23977
23978
7595
7600
15792
15794
32179
7604
23988
7606
32182
7607
15801
23995
32188
7616
32192
24001
15810
24007
15818
32203
32208
7634
15828
15829
32213
32215
7641
15835
7644
32220
7645
15838
15839
7648
15841
7650
15844
32228
7653
32229
32230
7657
15851
15855
15856
15857
7667
24052
7672
32248
7675
32252
32253
15870
32256
32257
32258
7685
7690
24075
32268
32269
7694
7695
15887
24080
15889
32274
7699
24083
32276
15896
32280
15901
7711
15907
24099
15910
7719
24103
32295
24105
15915
7727
15919
7730
15925
24117
7735
32311
24124
24127
15938
7750
32326
32330
7756
24143
15959
24152
15962
24155
15964
7773
24161
15972
24164
32357
7782
32358
7784
24170
15979
24173
32367
15987
24179
7797
15989
32374
32375
24185
7802
7804
15996
32380
7805
24189
7807
15999
16001
24193
32390
16007
32391
32394
7819
16013
7822
32398
32399
24208
32400
16018
7827
32403
16021
32406
7831
16023
16024
7833
7834
24220
16032
32416
7841
24228
7854
32432
7860
24245
32438
24247
7865
32442
16059
32444
16061
7870
7872
7874
7880
32456
32461
7888
24273
16083
7892
32469
7894
16087
16088
16089
32473
24287
32485
16104
24296
16105
32490
7915
16110
16111
32496
24306
7924
16117
7929
24315
32508
24317
24318
7935
32511
16129
24321
7938
16132
7943
24331
16141
32526
24336
7953
7956
32533
24342
24343
32535
16152
7961
16153
32538
7964
16165
16167
24360
16170
32554
16173
16174
24366
16178
16179
7989
24373
7992
16189
32573
7999
16191
32576
16194
8006
32582
8007
8009
8014
24400
32592
24401
8019
16211
32598
32599
8025
16219
16222
8032
8035
16229
8040
16232
24425
24427
16236
16240
32627
8052
8053
24438
24439
24440
16250
32635
24445
8062
8064
8066
24450
16263
8074
8079
16273
32660
8085
16277
32661
8087
32663
8089
16281
32666
16283
32669
24478
8097
16291
32678
16295
24489
8106
32682
16299
24492
8111
24495
16304
16305
24499
24500
16312
16313
8122
16316
24509
16321
24514
24515
8134
32712
16329
16330
32714
24523
32715
24526
32718
16336
32721
8146
8147
16339
16341
8151
8154
16346
8155
16347
32736
8164
32743
8169
24553
32746
8171
32751
16368
8178
24564
24570
32762
16379
24573
24574
9
224
432
211
229
442
477
14
143
303
