5664
3
16387
16388
24580
6
8198
7
24583
8200
16392
10
24586
16395
12
8205
24589
24590
16399
16
18
16402
19
16407
16408
16411
24605
16414
24606
32
8225
16418
35
8227
24611
36
8228
24613
8231
24615
8232
16426
24621
46
48
24625
50
51
16435
52
8244
24628
16437
54
57
24633
58
8250
16443
24635
16445
16449
24644
16453
24645
8263
72
8264
16456
24648
8265
75
24651
77
16464
24656
16465
16466
16467
8279
16472
8281
16473
24665
93
8285
94
95
16479
16481
8290
24674
24675
8292
16484
16486
105
24681
24682
24684
111
16495
24688
8305
8307
16501
24693
8311
16503
120
16504
24696
24697
8316
125
126
8319
16514
24706
24707
8324
133
16517
16519
16520
8329
24715
24717
8334
24718
8335
24721
8338
147
8340
24725
150
8343
8344
16536
8346
16538
156
24732
16541
158
8350
159
8352
16544
24736
16547
164
8356
16549
16551
16552
24745
16555
24747
8364
16556
24749
8371
180
8374
8375
8376
8377
24761
186
187
8380
8382
16577
8386
24770
196
8389
198
8392
24776
16585
207
8399
16592
24784
8401
24785
16596
8407
216
16600
24792
16602
24795
16605
8414
223
24799
227
8419
16612
24804
16613
8422
24806
8423
8424
16616
233
16617
24809
234
235
8427
24813
238
24814
239
8432
16624
16628
24820
8437
250
24826
8443
24831
257
24836
264
24840
16649
24841
8459
24843
8460
269
8461
16653
270
271
24847
273
275
24851
16661
8471
280
8472
8474
8475
24859
284
16668
24860
16669
289
24865
291
8484
16676
16678
8487
24873
8491
8492
8493
302
24878
303
304
305
8498
309
16695
16699
16701
24893
8510
24899
16708
8517
16710
8520
24904
330
24907
8525
16717
334
8529
24916
341
8533
342
346
16730
8541
24926
8543
355
24931
356
357
16741
24933
358
360
24937
8555
16747
365
16750
369
8561
16753
8565
16757
16758
16760
379
16763
382
383
24961
8578
8580
16772
16773
16774
24967
24968
16777
394
8586
16778
16779
8588
8590
399
16783
16784
24977
16786
24978
16787
404
8596
24982
407
16793
410
24986
24987
412
415
8607
8608
8609
24993
16803
8612
16805
423
8615
16807
25000
8623
16815
432
25011
436
438
25014
8634
16826
16827
8636
8637
16829
25021
447
25023
25025
8646
16838
25030
456
25032
16841
459
8651
463
25040
25041
25043
470
16854
25046
16855
16856
473
16860
25054
16864
8676
8677
8678
487
25064
8681
16874
16875
8684
25068
16877
8686
495
8688
16880
16881
25073
498
16883
25075
8693
8694
8699
8701
16893
25085
8703
16897
8707
8708
16900
517
8710
8711
521
16907
524
16909
16910
25102
16911
16912
16916
25108
8726
8728
16920
25112
8730
25115
8732
25118
8735
544
8736
25120
548
8741
8742
25129
8746
16938
16939
25132
8749
8750
16942
560
564
8756
16948
565
16951
568
25145
8762
16954
8764
25148
8766
578
583
585
16970
25163
8781
8784
16976
594
8786
8789
598
8790
25174
16984
602
8794
16987
25179
8796
25181
8799
16996
613
8805
25193
8810
17007
8816
25201
628
630
8826
17023
25216
17026
17033
25226
8843
652
25228
17038
25230
25232
658
17044
661
8853
17046
17048
666
8858
667
17051
668
8860
17052
8862
8864
17056
25250
8867
25252
677
8869
678
17062
682
8874
8875
685
8877
17069
686
17070
687
25263
25264
689
8881
25266
8883
8884
694
25270
17079
25272
697
17082
8892
17084
17086
25280
705
8898
17092
8902
17094
25287
8904
25290
25291
17100
717
719
17103
17104
25296
8913
25298
17110
17112
8921
17117
25309
734
25310
736
25313
17124
741
8933
17126
17128
749
751
25330
756
25333
758
25334
17144
8953
17145
8957
766
8958
8959
769
773
774
777
25353
25354
779
780
8973
17165
783
25359
17169
25362
8982
791
25372
17182
25376
25377
802
8994
17187
804
25380
17189
810
17194
9003
812
9005
17199
25392
9010
25394
821
822
25402
830
831
17215
832
9025
25409
9026
17218
17219
836
837
9030
9031
17223
9033
843
17227
25419
9038
25422
17231
25424
17233
851
9043
852
17236
9046
17238
855
17239
25431
9048
17240
9049
17241
9050
859
25435
860
9052
17244
861
25437
9057
25441
866
9058
867
17255
873
25449
9066
17259
878
17263
25458
883
9075
17267
9076
887
25466
9083
892
9084
25468
25471
9090
17283
9093
9095
904
905
9097
9098
25484
9101
910
914
17298
9113
25497
9116
25500
9118
9119
17312
25504
929
25505
930
9124
25508
9125
17317
25509
935
9129
17321
17322
939
25516
9138
947
9141
25525
951
25527
952
9144
9146
9147
25531
957
9150
9151
961
9153
25542
970
17355
25549
974
977
17361
25553
9171
17364
9173
25557
17368
987
9182
25566
991
992
9184
25569
17381
25575
1000
1001
17390
25582
25583
1009
9202
25586
1013
1014
9207
9208
17400
9210
17402
1019
9212
25596
17405
9214
17406
25598
1023
1024
9216
25600
17409
17410
17411
1028
9220
17415
25607
1033
9225
1035
1037
1041
1042
17426
9237
25621
17431
9241
17434
25626
17435
17437
25631
1056
17441
17445
25641
1066
9258
1070
9262
17454
25646
1071
1072
1073
1074
9266
25650
1076
25653
9271
25660
25661
25663
1089
9281
9284
25668
17478
17479
9289
25673
9290
17482
1099
17483
9292
9294
25679
25682
25683
17492
25684
25686
17495
17496
9305
25689
17498
9309
25694
1120
9312
25697
9315
17510
25704
17513
1130
1132
17517
25710
1135
17519
25711
25712
9329
9330
1140
1142
9334
1146
9338
1147
25723
17532
17535
17536
9345
25732
17541
9350
9351
9352
1164
9356
25740
1165
1171
17555
1172
25749
25752
17561
25753
9370
9371
1181
25757
1183
9379
17572
25764
25766
9383
25769
9386
25770
17581
25773
9391
17583
9393
1202
9394
1203
25781
1206
9398
25784
9401
17594
25790
25791
9413
1225
9417
1227
1228
25804
1229
25808
1233
1234
9426
1235
9427
25811
9428
17620
9429
1238
9430
17622
17624
1242
9436
1246
9439
1249
9443
25828
9445
17640
25833
9451
17644
9455
1264
25840
9459
17651
25845
9464
1273
9469
25853
17662
25854
1279
25855
9472
1281
17665
25857
25858
17669
25862
17671
17672
25871
17680
25872
25873
17683
25875
1300
17686
25878
17687
1305
17690
25882
1307
9500
17694
25886
25888
25889
1314
1315
9507
9510
25894
1321
9514
17707
9516
17708
1329
17713
17715
9524
17716
1335
17720
1337
9529
1338
9531
17723
25915
17725
25917
9534
17729
25921
9538
17731
1348
25924
9542
17735
17737
25929
9547
9550
9551
25935
25937
9555
17748
17749
25942
1367
17753
17754
1371
9564
9567
17763
1382
1384
25961
1386
9579
17772
25964
25968
9585
9587
17782
25976
17785
1402
9595
17788
1407
9602
25986
17795
1414
1415
25991
9608
17800
1417
25994
17803
25997
25998
26000
1425
9619
9621
26006
17815
17817
9627
17821
1439
9631
9632
9634
9635
17829
1446
26023
17833
17834
1455
26031
1456
9650
9651
9655
26039
17848
26041
26043
26046
17855
1472
9666
9667
17860
26052
9669
1485
1487
26066
1492
9684
17876
26070
1497
1500
17887
17888
9699
1509
17894
17895
26092
1518
1519
17903
26095
17905
9714
1523
9717
1526
26102
9719
17911
9722
26106
17916
26108
17920
26114
9731
1540
17925
26117
9735
1545
9737
17929
26122
17931
17932
9742
17934
1551
17935
26127
1552
26129
26132
17946
9755
26139
17950
9759
1568
17952
26145
17954
9769
17964
26156
1581
9774
9776
26161
9779
26163
9782
9783
1596
26172
1598
9790
17984
1601
9793
17985
17987
26182
17993
26187
1614
9806
26190
1616
1617
9812
9813
18006
26198
26200
1625
9817
1626
26203
1628
26204
26205
9822
26207
18018
26210
9828
18020
26213
1638
26215
18024
1641
26218
1643
18028
18031
1648
9840
1649
9842
26226
1653
18038
18041
26233
26234
26235
1660
1662
18047
26239
9857
9858
26242
1670
26246
26247
1672
9865
9866
18058
9867
26251
1676
18063
26259
9876
18068
26262
1694
26270
1695
26272
18081
9890
18082
18085
9894
1704
9896
1705
9897
9898
1707
1711
1712
1713
9907
9908
18100
9909
9910
18102
18104
1721
9913
9915
26299
18108
18110
9919
9921
18116
26308
9926
26311
1739
18123
1742
9934
26318
1746
18130
1749
9941
1750
9942
26326
18138
26330
1757
1758
26334
18143
18144
26336
26338
26339
18148
26340
18150
26343
9960
1769
9961
26345
1772
9964
9965
9966
26350
1776
18161
18163
26356
1785
26361
9979
1788
9980
18172
26368
1793
18177
1794
18178
26371
18182
1799
9991
1800
18184
26376
1801
9994
9996
9997
18189
26381
1806
18190
10000
10001
18194
1811
18195
18196
26392
1817
1819
10011
10012
1821
10013
18206
26398
1823
18207
26400
1827
26404
18213
26406
10024
18216
26408
26409
26410
10027
18219
26413
1839
10031
26415
26418
10036
26421
1846
18230
1848
18232
26424
26426
1853
1854
1858
18242
10054
18246
18248
1866
18250
26442
1867
1868
1869
10061
18253
26446
10064
18257
10066
18258
10067
18259
26451
18262
26454
10071
26455
10072
18264
26456
1882
10076
10077
26461
1886
18273
1890
26466
18275
26468
26470
18279
18280
26472
18281
10090
26474
1899
18283
1900
1901
26477
18286
1903
10096
26480
18289
26481
26484
18293
10104
10105
18298
10107
10108
18300
1917
1918
10115
10118
26503
1929
26506
1932
10124
10127
1936
1937
26513
18322
10132
26516
26517
1945
10137
10138
10141
18333
18334
26526
1952
18336
10149
18342
26534
1959
18343
1964
10156
26540
18350
1967
10161
26545
10165
18359
10168
1979
10171
10172
26556
26557
10176
18368
1989
18376
1993
10187
1998
26574
1999
18383
18384
2001
26577
26578
18387
2008
10200
26584
26586
18397
26590
2015
10208
2019
18404
18405
18406
2023
10216
26600
2029
26605
2030
2031
18415
18416
26608
18417
18418
2035
10228
18420
26612
2037
18421
10232
10233
2042
26619
2044
26620
10237
10238
18430
26622
26624
26625
10242
18434
26627
2054
18438
2055
10247
10248
18440
10249
2060
10252
2061
10256
26641
10258
10259
10260
10262
26647
2072
18457
10266
18461
10270
18462
26657
26658
2084
10276
2085
10277
26661
10278
18473
2090
2092
18476
2095
2096
26672
2097
10289
26673
18482
10291
2100
10296
2105
10297
26682
10299
26683
10301
18493
10302
10304
26690
10308
2117
18502
18503
2120
2121
10313
2122
2123
18508
26700
26701
18511
2130
26706
10324
18524
26716
26717
2142
18527
10337
10338
18530
26723
2150
2153
18537
18538
26730
2155
10347
10350
10351
18545
10355
10356
2165
10357
2167
2168
18552
10364
26748
2173
10367
26753
18563
10373
18565
2183
2184
2185
10377
2186
18570
18571
2191
18578
10387
26771
10389
26774
2199
10392
26776
18587
2206
10398
10399
18591
26784
26785
10405
26789
10406
26790
26792
2217
10409
10411
2220
26796
2224
10418
10419
2228
2233
26812
26815
18624
10433
26818
2243
18627
18629
2246
26822
10440
26824
18636
26829
10448
18640
26832
18643
18644
2261
10453
2263
2267
18651
2269
26846
18655
26850
10469
2278
2281
26857
2283
18667
26859
2284
26861
10478
18670
26863
10480
26865
26869
10488
2298
26875
26876
18685
2302
26881
18692
18693
26887
2313
10505
18697
10509
18703
18704
10515
2324
26902
18711
18712
10522
10523
10524
2333
18719
26911
18721
18722
26914
26915
18727
26920
2347
18732
10542
2353
26931
10549
18742
26934
18743
2360
26936
10553
2362
26938
18747
26941
26942
2368
26944
18753
18754
2371
2372
26948
18760
2377
2378
2380
2381
2382
18766
26958
2383
2385
18771
10580
18773
18775
2392
26968
2393
18777
2394
2396
10589
10590
2399
18783
18784
10595
26979
2405
18790
2408
2410
10603
18797
26989
10606
10613
18805
2422
10615
2424
2425
27001
2430
10623
27007
2434
18820
2437
2438
18822
27014
18824
18827
27020
27021
2446
18830
27022
27023
2448
10640
27024
18833
27033
2459
10652
27037
27038
2464
10657
27041
27043
2476
18861
10672
18865
2482
10674
27058
27059
18870
18871
2489
27066
18875
2492
18876
27068
2494
10686
27070
2496
18880
2498
2499
10691
2501
27077
10696
27081
2506
10698
10699
27083
10700
10701
2510
18894
2512
10704
2514
10707
18899
2516
18900
2517
10709
18902
27094
2519
10711
27095
2521
10713
27099
10716
18909
18910
18912
10721
27106
18916
27109
2535
10727
2536
18920
2540
27116
18927
27119
18928
27121
18930
27122
18932
10741
2550
18937
10747
2556
10748
10750
18944
18946
2564
10756
2568
18952
27144
18956
27149
10766
2576
2579
10772
18964
2583
10775
27159
18968
27160
2585
18969
10780
2590
18975
10784
2594
2595
2596
10788
27172
18981
27173
2598
18982
2599
27179
10796
10797
2610
2611
2612
2618
19002
19004
2621
10813
10815
10816
10817
27201
10818
27202
10824
2636
19023
2641
27217
10835
19029
19030
2648
2649
10841
10844
10846
2655
2656
10849
2659
19045
27238
19047
10856
27240
19049
27241
10858
10861
27245
19054
19055
10864
27249
2676
10871
2681
10873
2682
10874
2685
2687
19071
27263
2688
10880
19074
2692
27268
10885
19081
10890
10891
27275
10892
10893
2702
10896
19088
10897
27282
27283
19092
2709
10901
2710
27286
10903
27287
27288
10905
19097
2718
19102
2719
27295
10912
2722
10914
10915
27299
27301
10920
27304
27307
10924
19116
10926
10928
27312
10929
27313
10930
27319
2744
2745
27324
2750
19137
2755
27331
19141
27335
10952
27336
10953
19148
10957
2767
19152
27344
2769
10961
2770
19154
2771
10964
19156
10966
2776
19162
10971
19163
2781
19165
27357
27358
19168
2786
10978
10979
10980
27364
19175
27368
2793
19178
27370
10987
27372
27373
27374
27376
10993
19187
27381
19190
19191
19192
27386
2811
11003
2813
19197
19200
27394
19203
19207
11016
11017
19210
11022
27411
2836
11029
11030
2839
11031
27415
2840
2841
19225
27417
2843
27420
2848
11040
19233
11042
2851
19235
19236
27428
19237
19239
27434
19245
19247
11057
27441
19250
27442
19252
11061
2871
27447
11064
19256
2873
19257
11066
27450
2875
27451
19260
27452
2877
2880
11072
27456
11073
19266
27458
11076
11079
19272
27464
2889
11081
19273
11084
19278
19279
2900
19284
2904
19288
2905
19289
27485
27489
27490
27491
19301
19302
27498
11115
27501
2926
2928
27505
2930
11124
27508
2934
27510
2935
27511
19323
11133
27518
11135
27520
11140
11143
19335
11144
2954
19338
11149
19341
27533
2958
11151
19343
27535
2960
11152
19347
11158
27543
19353
27545
2970
11163
19355
2978
27554
2979
27557
11174
11177
27561
2986
27562
19373
11182
11184
2995
11187
19380
27572
11190
27577
3002
27579
3004
19388
19390
19391
27583
11200
3011
11205
3015
11207
3016
27592
3017
3018
11210
27594
3019
3022
19406
27598
11215
3026
27602
19411
3028
11220
27604
27605
27609
3034
19418
27610
27613
3038
3039
27616
3042
3043
19429
11240
11241
3050
19436
19437
27629
27630
11247
19439
3061
11254
11255
11256
3065
19449
19450
27642
19454
27647
3075
11267
19464
19465
3083
19469
3087
19471
27667
3092
19477
19478
11287
27672
11289
19481
3098
27675
3100
11293
11294
19487
27679
27680
27681
3106
19492
11302
3112
19496
3113
3116
11308
11309
19501
27694
3119
3121
11314
19506
27699
3124
27700
11317
27701
3126
19510
19511
3128
11323
11325
11327
19519
27712
19523
11332
19525
11334
27721
11338
3148
27726
3151
19536
27731
27732
3157
27733
11351
27735
3160
3161
11353
27737
3163
27739
19548
11357
3168
11360
27744
19553
19555
27747
3172
27748
3174
27750
3175
19559
19561
19563
19566
27758
27760
11378
3187
11379
27763
11381
19573
27766
27767
3193
19577
11388
27776
27779
3204
19588
3206
27782
19592
27784
19593
19596
3213
11405
27789
3214
19598
11407
19599
19600
11409
3218
3219
19603
27797
11414
19607
27799
19608
3228
19613
27807
11424
19616
19617
11426
19620
27812
3238
19623
27817
11434
3244
11436
27820
11437
11438
3247
19631
19635
11444
27832
19642
3259
11453
11458
27845
3270
27846
27847
3272
11465
27852
11469
3278
11470
19662
3280
11472
27857
11475
11476
27860
11479
3288
11480
3289
11483
3292
3294
27870
19679
3296
27872
19681
27873
3298
11490
19682
27874
27875
3303
11496
11498
11499
11501
27885
11502
19696
3313
19698
27890
11508
27892
11520
11521
27907
11525
3335
11533
19725
11537
19729
19730
19732
27925
27927
11544
19737
3355
11547
19739
3356
19740
27933
19745
3362
27938
19747
19749
11559
19752
27944
11562
19754
27946
3374
19762
11571
27956
27958
11575
3384
19772
11581
11583
27967
3392
3395
27971
27972
19781
19783
27976
3402
11597
19789
11598
27982
27983
3408
27986
27988
27990
11611
11614
11615
19808
19813
28005
11623
11624
19816
28008
19817
3434
11626
19818
28010
28011
3436
11631
3440
11632
11634
3443
28019
28020
19829
19830
28022
28024
3449
28025
19834
3452
3454
11646
19838
11647
11648
11650
19842
11651
28036
28037
11657
19849
11658
19850
28042
28043
3469
19854
3472
3474
11666
19858
28050
11667
19859
3477
11669
19864
11674
19866
11677
3486
11678
28063
19873
11684
19877
3494
19878
11688
28072
19881
28075
3500
3503
28079
28080
11697
28081
19891
28083
11700
11703
28087
3512
19896
19898
3518
11712
3521
3524
3525
11717
19909
28101
11718
3527
19911
11720
19912
3530
19914
3531
19916
11725
28112
11729
3540
19925
28118
11735
11736
19931
19937
19938
28130
11752
19944
28136
28137
11758
19950
11759
3568
11762
11763
28148
3574
28150
3580
3581
28157
11777
19972
28165
19980
3597
28175
19984
3603
28180
11797
19991
11803
19997
3615
11807
28192
11809
3618
11812
20004
11815
20007
28200
20009
28204
3629
20013
20015
20016
28208
11825
11828
11829
28213
3638
11830
28214
20023
3641
11833
3642
11834
28218
28220
3646
20030
28223
11843
28227
20036
11846
20039
11850
3660
3663
20047
3664
20048
28240
28242
3671
20056
3673
20057
3675
11867
3676
3678
11873
28259
3684
20074
20077
3696
11894
11895
20089
3707
3708
3709
11901
20093
11904
20096
11909
11915
3724
3725
11919
20111
3728
3731
20115
3732
3733
3734
11928
20121
20123
11932
3741
11935
11936
20128
3745
20130
3748
3751
11943
11945
11948
20140
3758
20146
20147
3765
3767
11964
3773
20157
3774
3775
20160
3777
11973
20167
3784
20168
11978
11979
20172
20173
3791
3794
11987
20181
11990
20183
3800
3801
11993
3802
20186
11996
11998
3807
3809
20196
12005
3816
12008
12011
12013
3823
12015
12017
3826
20210
12021
3830
20216
3834
20219
20220
12030
3841
20227
20231
20235
12044
3855
3856
12049
20241
3858
12050
12051
20244
12055
3864
20248
3865
3866
20251
12063
12066
12067
20260
20263
3883
3885
12080
20276
3893
12086
3895
20279
20284
12095
3905
12097
12098
3907
12101
20293
12102
20295
3912
20297
12106
12108
20300
3917
12109
20301
20303
3920
12113
20305
12115
12117
3926
12122
12124
20317
3937
3939
20323
3941
3943
12135
3944
20328
3945
12137
20329
12138
12140
12141
12142
20337
3954
3955
12148
20340
12151
12153
20349
20351
3970
3972
20356
12167
20360
3981
12173
3982
20366
3983
3986
3989
12181
20373
12182
12184
20376
12186
20378
12189
3998
20382
4000
20389
20391
4008
20394
20397
4014
20398
20400
12210
12213
12214
4023
20409
4026
4029
4030
12226
4037
20421
4038
4039
12231
20423
4040
4043
12237
4046
20431
20432
4049
12241
20433
4054
12246
20440
4058
20443
4060
4064
20450
20453
4070
4071
4072
12264
4073
12266
4075
20460
12269
20461
20462
4080
12274
20467
4085
12279
12281
4090
12282
12285
20480
12289
12294
12296
20488
4105
20490
12301
20497
4118
12310
4122
4124
4126
12321
20513
4134
4135
20521
4139
20526
4143
4146
12339
4148
12340
4150
20535
12346
4155
12347
20540
4158
20542
12351
4161
20545
12356
4165
4166
12358
12359
12361
12366
4175
12367
20560
12369
20561
20565
20566
12375
20569
4186
20570
20571
12382
4197
12389
4198
12390
4201
20585
4202
4206
4207
20592
12402
12403
12404
12407
12410
12411
4220
12415
12416
20610
4227
4229
4230
12422
4234
12428
4239
20623
12432
20624
12435
4247
20631
4248
12441
20634
4251
20635
4252
12444
4253
20638
4255
12447
4256
20640
12450
12452
20646
20648
4266
4276
12469
20662
4280
12472
4284
20668
12477
12479
12481
20675
20676
4295
4296
12488
4297
12489
20683
4300
12494
4303
12497
4308
12505
12506
4318
12510
4319
20704
20705
12514
20706
12516
12518
12519
4328
4329
12521
12522
20716
20720
4340
12534
4343
12535
20727
4345
20730
12540
4351
4352
12546
4355
20745
20747
12559
4370
12563
20758
4375
4377
4378
12575
20770
4387
4389
12581
20773
12583
20775
20777
12590
20784
12593
12597
20789
4407
12599
12600
4411
4412
12604
20796
4413
20797
4416
12610
12612
20807
4425
20810
4432
20817
4434
12626
12627
4436
4439
12631
12633
4442
20828
20832
20834
20835
4452
20837
4455
12649
12650
20844
12655
20847
4464
4466
4468
4469
12662
4472
20857
12666
20858
4479
20863
20864
12673
4484
12680
4493
20877
12694
12697
4507
20892
4511
4514
12707
20906
20910
12720
4531
20916
12729
4542
20926
20927
12740
20932
4550
12744
4558
4560
12753
4563
12755
20948
20950
4567
12759
20954
20955
4572
12765
20961
12770
20962
4580
20964
20966
4583
12781
12782
12783
12786
12787
4596
4597
20982
4599
4601
12798
20991
20993
20995
12805
20997
21000
12810
4622
12815
4626
12822
21015
12824
12826
21018
4636
12828
21020
4637
4639
12832
21024
12836
21029
12838
4647
4649
12842
4651
12843
4652
4653
4654
12846
21039
4657
4659
21043
4660
12854
12858
21052
12863
21055
4672
12865
21057
12868
21067
12876
21068
4685
4689
12881
4690
21075
4692
12884
21076
21078
21082
4699
12891
21086
12897
4707
4711
21095
4714
4715
4718
21102
21103
12913
12914
4723
21107
21111
21112
4729
12921
4731
21115
4732
12924
4733
12925
12927
4736
12929
4739
12935
21128
12938
4748
21132
4749
12941
4751
4752
12946
12947
21142
12952
21144
12953
21146
4763
21149
12958
12959
12961
4774
4776
12968
4779
4783
12975
4785
21169
4786
12979
4788
21172
21173
4790
21177
4794
12986
4796
4801
12994
12996
12997
21189
4809
4812
13007
4817
21201
21202
21205
4822
13016
4827
4828
13020
21212
21213
21214
13023
21215
4832
21216
13026
13027
21219
13028
4838
13030
13034
21226
13035
21231
21234
4851
4852
4853
21237
4854
13046
13047
4856
13048
21242
4859
13051
21246
21248
21249
13060
21252
13061
4870
4871
21257
21259
4876
4877
13069
21263
4881
13073
13076
4886
13078
21270
4887
4890
21274
4892
13084
4893
4894
4895
4896
4897
4898
21282
13091
13093
21289
13103
13104
4913
13107
4917
21301
21302
4922
13114
13115
21310
4927
13119
4928
13120
13121
13122
4934
4938
21324
13134
13138
4947
4949
21335
21336
4953
21337
13146
21342
13151
4960
21345
4962
13154
21346
4967
4970
21355
13166
4975
4977
13169
13172
21365
4982
4985
13177
21369
4987
13179
21371
4991
13185
21381
4999
13191
21383
21384
13193
5004
21388
5006
21391
13201
5011
5016
5017
5019
5020
13212
13213
21405
5023
5024
21413
13223
21417
5034
21418
13232
13233
13234
13238
13240
13242
21434
5051
21438
5058
13254
13257
5066
13259
21451
13263
13267
21460
21465
5082
5087
13279
21471
5090
21475
5095
21484
13293
21486
21490
13299
21496
13305
5114
13306
5117
5120
13313
5123
13317
13319
21511
21513
13324
13326
5137
13329
21523
5140
13332
13334
13336
13337
5148
13342
21534
5156
21544
5162
21546
13355
5165
13357
21550
13361
21554
13363
21555
5173
5174
13367
21559
21560
13369
21563
5181
13373
13374
13376
13378
5188
21574
21577
5196
21580
5199
21583
5204
21589
5206
21590
5207
13400
13402
21594
13407
5217
21601
13410
21602
13411
21604
13413
5222
5224
13418
5229
5230
13423
13426
21618
13430
13431
5241
21625
5243
21629
13438
21631
5248
13440
21634
13444
5254
13449
13451
5261
5262
13456
21649
13459
5269
13462
21654
5271
5278
21663
13475
5284
13476
21671
5290
13486
21678
13487
5296
13488
5297
13490
5302
21687
21688
5305
13498
21690
21692
21696
21699
21701
21702
5320
5323
21709
13518
21710
13523
21716
21718
13530
21722
5341
13535
13539
21734
5351
5353
21738
5355
5358
13550
21742
13551
5360
5363
5366
13559
13561
13564
13569
21761
13571
21763
13573
5383
13575
5389
13583
13584
5393
13586
5396
13589
21781
13590
5399
13591
5401
13593
13596
13600
13601
5410
13602
21794
5411
21799
5418
13610
21802
5419
21805
13618
21810
5427
21811
5428
5430
5431
21817
21820
13630
21823
5440
21824
21825
5447
21831
13640
21834
5453
21840
5457
5458
13653
21845
5464
21848
21849
5468
13663
13665
21859
21860
13669
21861
21862
5480
5481
13673
13674
21866
13675
21869
5486
21872
5489
21874
13686
21878
21879
5496
21885
5502
21886
13695
21887
5504
5506
13698
5507
5508
21893
5510
13703
5513
13706
21898
21900
5517
5518
13714
13715
13716
13717
21909
5528
13722
21914
5532
5533
13728
21921
5538
21922
13733
21925
5542
13735
5545
21929
13738
13742
5551
5553
13745
13746
21938
13748
13752
21944
21946
5565
5566
21951
21957
21958
5577
13770
21963
5580
21970
21973
21975
5592
21977
21980
21984
5602
13797
21989
13798
5607
21991
13800
13801
5613
13808
13812
22004
22006
5628
22012
13824
13826
22018
5636
22020
13832
22024
5647
5648
13840
22032
13843
22035
5655
5661
5662
13854
22047
13857
5667
5669
13863
22055
13868
22060
5678
5682
22066
22068
5685
22069
22071
13880
22072
22074
5691
22080
5698
13890
22082
13891
5700
13892
22084
22085
5704
13896
5705
22089
5707
13901
5713
5717
13909
5720
13913
22105
22107
5724
5725
5726
5727
13920
22112
5729
22114
13924
22117
5735
22119
22122
22123
13933
13934
13935
5745
22129
5746
13940
22132
5749
22133
5751
5754
5757
13949
13950
22142
13957
5766
5767
13960
13961
22153
13962
5775
13969
13970
5782
22166
13975
13976
13977
22170
5787
5788
5789
22173
5791
13985
5794
13986
13987
5796
13988
22180
5798
22182
5799
5800
22186
22191
14005
5817
22202
5819
14011
14012
5822
22206
14015
5825
14017
22209
22210
14019
5830
5831
14024
22219
22221
22222
22223
14032
22225
5843
14036
5846
14039
5848
5849
22233
14045
5858
14050
14053
5863
14063
14064
22256
5875
14067
14069
14074
22266
14076
22276
14086
14088
22281
22284
5905
14097
5909
5911
5913
22297
5916
5919
14111
22306
5925
14119
22311
5928
14120
5930
22317
5936
22321
5938
5941
14133
5943
14135
5944
14139
5955
22339
14155
14157
22349
5966
14158
14160
14164
22356
5973
5975
22359
5977
5979
14172
14175
22370
14179
5988
5991
22376
14187
14189
5998
14191
22383
14192
6002
6004
14197
14199
6008
14203
14204
14205
14206
6022
14214
22408
22411
22412
14223
6033
14225
6034
6036
14229
22422
6040
14233
14236
22428
6045
6048
22432
6050
22434
14246
22439
22440
22441
14251
6060
14252
14254
22446
14259
22451
6071
6072
22456
6073
14265
6075
22459
22460
6077
22465
22466
6083
14277
14282
6091
14285
22478
14287
6096
22482
14292
6102
6106
6107
6113
14305
22497
14306
6115
14310
22503
14312
22504
6123
14315
22507
6124
6127
14319
14323
6132
6133
14325
6134
14329
6139
14331
14332
6142
14334
6143
6144
6145
14337
14339
6149
6153
22542
22544
14353
22546
6163
6165
14357
6168
6169
22556
14366
6175
14371
22563
14372
14373
22565
14376
22570
14379
14380
22572
14381
22573
14382
22574
6191
22577
14387
14391
14392
22585
14394
22586
22588
14397
22589
6206
14398
22590
14400
22592
6211
22596
14406
22598
14409
22601
14411
22606
6223
22607
14416
6225
6227
6229
6230
14422
22614
6231
22617
22619
6236
22621
22625
6246
6247
14439
6250
22634
14443
6253
6255
22639
22641
14450
6259
6260
14452
22644
14455
14456
22649
6266
22650
14461
6270
6271
22655
6273
6279
6284
22668
14478
6288
6291
14483
14484
14491
22683
6300
14492
22685
14494
6306
22690
6308
14507
6320
14512
6321
6326
14519
6328
22713
6330
22714
14524
6333
14526
22718
22722
22725
14534
14538
22730
14540
6352
22739
6359
14552
14553
6363
22749
14558
6367
14560
14561
6371
6372
22756
14566
6375
14567
6381
14574
14576
14577
14578
22774
6391
14583
14584
14585
22777
14591
14592
22785
22786
14596
22788
22789
6407
6412
22796
14605
6416
22806
22808
14617
22809
6426
22810
22815
22817
6435
22819
6436
22820
6438
14630
6439
14631
6440
14632
6441
14639
22831
6448
14640
14641
14642
14643
6453
22837
22839
22841
14653
6462
22849
22851
22852
6470
22854
22855
6472
6475
14668
14669
14672
14673
22865
6483
22871
6491
14685
14688
14689
22882
14693
22885
14696
6509
22896
14706
6515
22899
14709
22901
14712
6521
14713
22905
6524
6525
22909
22912
14721
22913
14723
22920
14730
22922
14732
6541
6544
22933
6551
6552
14745
6558
22943
22945
14754
6564
6565
14757
22953
14763
14765
22957
14766
6576
14768
22967
14776
6586
14782
6591
6595
22979
14793
6603
14795
14796
14798
6609
6611
14804
6613
22997
6616
6617
23001
6628
14820
6630
14825
14826
23019
6638
23022
14837
23029
14838
23030
14844
23036
6654
14846
23038
14849
14850
14853
23047
6665
23049
6666
6667
14859
23052
14861
23056
6673
14866
6677
6679
23064
14873
6682
14874
23067
6684
14876
6688
6689
23073
6692
6694
6697
6699
14893
23085
6702
14897
23090
14899
23091
14900
14902
23094
6711
6713
14907
23101
23102
14911
23104
6722
23106
6724
6725
14917
14919
14920
14922
23120
23121
23122
23123
6741
6745
23130
23131
6749
23135
14944
14947
14948
14949
6759
14951
23143
14952
23147
6764
14958
14960
23154
14964
23157
23158
23159
6777
14969
6778
6779
23165
14974
14978
23170
6790
23174
6794
23178
6795
14990
6799
6800
23184
6801
14995
23189
14999
6808
15001
6810
23194
6811
15003
23196
6815
6816
6818
15010
23202
15011
23203
15014
23206
6823
23207
6827
23211
6828
23213
15026
6837
23222
15033
23228
15037
15040
23233
6851
6852
23237
23239
15048
6859
15051
6864
23248
6866
15060
15061
15068
23261
15070
23262
15072
15075
6884
23268
23269
6886
6889
23276
6896
15089
6898
15092
23284
23287
15097
6906
23293
23296
6913
6914
23298
15107
23300
15109
23302
6919
23305
6925
23310
15121
6935
23320
15132
23325
6942
6943
23328
15137
23332
15141
6950
23335
23338
6955
15147
23341
15150
23343
6961
15153
23345
15154
15155
15158
15160
6969
15161
6971
6972
15166
23360
15169
6979
15171
23363
23365
23371
15180
15181
15182
23374
15184
6993
15186
23380
6999
15191
7002
15195
7004
15196
23389
23392
15201
23394
15204
23396
7014
15206
7015
15208
23400
7018
15211
7024
15216
23409
23411
7028
15221
23413
15224
23416
7034
15228
23420
23422
7042
7044
15239
15249
15250
7059
23445
7063
7065
15259
23455
7076
7078
7079
15272
23466
23468
15277
23470
23473
7090
15284
15286
15287
15288
23481
23485
7102
7103
7104
15296
23489
7106
23490
23491
7110
23497
15306
7115
7118
15310
23511
7128
15331
7142
7143
15337
23531
23535
7152
7153
15345
23537
15346
15347
23541
15351
23544
23545
15354
15357
7167
23552
15362
23555
7172
15366
23558
15369
7178
15380
15383
7194
23578
7195
23579
7199
15391
7200
7201
23585
7202
23590
15400
15402
23594
15404
23597
23606
23608
7227
7232
23620
23621
7238
7240
15432
15435
15437
7247
15439
23632
7253
7254
23638
7256
15448
7258
15451
15453
15456
7265
15457
23649
7267
7269
7271
7275
15467
23663
15472
15476
23668
7287
23673
7290
15482
7297
7300
23687
15498
15500
7311
23696
7315
15509
23702
7320
7321
7322
7323
7324
7326
7329
15521
23714
15525
7335
7338
15531
23723
15532
23725
23726
15535
15537
15538
7347
7348
23732
7349
23737
15546
23739
7360
15552
23744
7361
23745
15554
23746
7366
23751
23752
23756
7374
23761
23767
23768
7385
15577
7386
15580
23772
23773
23775
7392
7393
15587
7397
7403
15597
23789
7409
15601
23794
7411
7412
7413
7414
15606
23798
7415
23800
15609
7422
7424
23809
7426
15621
15622
7433
23817
15627
23824
15636
23832
7451
7452
23838
23839
15648
23840
15653
7462
23846
7463
15655
23847
23848
23849
7467
15660
15661
15665
7474
7475
23864
7481
15673
7482
23869
7487
7488
15681
15684
23876
15685
23877
23879
15688
23882
15691
23884
7502
15695
23887
15697
15698
23891
7517
7520
15712
7521
15713
7524
15716
23910
23912
15721
23915
7532
7533
23917
23918
23921
15730
23923
15735
23927
7544
23928
15738
7548
15744
15747
23941
15750
23944
7561
15753
23945
23946
7565
15757
15758
23953
15763
7575
7576
15768
15774
15776
7585
15779
23971
23972
7589
7593
23977
7596
23980
15789
15790
7603
23989
7607
15799
7608
23993
15802
15805
7615
15808
7618
7620
15812
7622
7623
7625
24009
24010
15819
15821
24013
24014
7633
24018
7635
15829
15834
15835
24028
7646
15838
15839
24031
15840
15843
24035
15845
15846
7656
24040
15849
15851
24043
24044
15854
24048
15857
24051
7670
24061
24063
24064
7682
15874
7683
7685
15878
7687
15879
15880
24072
24075
7692
24078
7696
24083
7701
15893
24088
7706
15898
7707
24092
15903
15904
15905
7717
15909
7718
24102
15913
7722
15916
24108
7726
24114
24115
15924
24116
24117
24118
24119
24121
15933
7742
15934
15937
7748
15943
7752
7753
15945
15946
7756
7757
15949
24141
15952
24147
7765
15958
24151
15961
15963
24155
15964
15966
24161
15970
7779
7780
7781
24165
15974
24167
24172
7790
15985
7796
15988
24180
7797
7798
24183
7801
24186
24189
15998
24190
16000
24194
16005
7814
16008
7821
24205
7822
16014
24207
7829
16021
7832
7833
16026
24218
24219
16028
7837
24221
7839
16031
7841
7843
24228
7845
16038
7850
16046
24238
7855
7856
16049
7860
7864
16058
16060
16061
24253
7870
7871
16063
24257
7874
7875
7879
7880
24264
24270
7891
7892
7893
24277
7894
7896
16089
24281
7898
7899
16091
16092
7901
16093
16096
16100
16101
16102
7912
7914
16106
7915
24299
16108
16112
7923
16116
24308
16117
24309
24310
7929
16121
24314
16123
24317
7936
16130
24322
7939
24325
24326
24327
24328
7945
16137
24330
7948
16141
7954
24338
24340
7958
24344
7965
24350
24351
7970
24354
24355
16164
16165
16166
16167
7977
16169
7979
24366
7983
16176
7992
24376
7993
16186
7995
24381
24382
8001
16193
24387
24388
8008
24392
16202
8011
24395
8016
8018
8020
16212
16218
8029
8031
24415
24416
16228
16230
16231
8040
24424
16233
16234
16239
8050
24434
8055
16247
24439
16248
16249
8058
8060
24446
24449
8066
8067
16259
8076
16268
24460
16269
8082
24468
16279
24471
8091
8093
16285
8095
24481
8098
16292
24485
16294
24487
8110
16302
24494
8112
24497
16306
24501
8118
8121
24506
24507
8133
8135
8136
8137
8138
24523
8140
24524
16333
24525
24526
24527
16336
8150
16343
24539
8156
16348
24541
24543
8162
8163
16355
24550
8169
8171
16363
16364
24556
16365
8174
24558
8175
16368
8180
11
0
128
193
225
390
264
170
203
443
14
383
