624
6
1032
9
10
1035
1036
1037
15
1039
20
1045
1047
1048
26
27
29
31
1055
32
1056
34
1058
1060
37
1063
1064
1065
44
1068
47
1074
51
1075
54
55
1079
57
1083
1084
62
1086
63
67
1092
70
74
1098
1100
77
79
1105
84
1108
85
87
1111
89
92
93
1118
95
1120
1123
100
1126
105
1129
1132
111
114
1138
1143
1144
122
1146
123
126
131
1155
132
135
136
1160
137
139
140
1165
1167
144
147
1171
1173
1175
153
155
156
160
1185
162
1186
1187
165
166
1190
1194
1200
1201
180
181
1206
183
184
1208
185
187
1212
191
194
1218
195
1219
196
199
201
1226
203
204
206
1231
1234
1237
216
1240
219
220
222
1246
1247
1248
1249
226
1252
229
1253
230
1254
234
1258
1260
237
1262
240
244
1271
1274
1276
1277
258
259
260
1284
262
263
1287
264
266
267
269
1293
1294
1299
1300
277
278
1302
1303
1308
285
1309
286
1311
288
1313
1314
1316
1317
1319
296
1320
297
304
1330
1331
311
313
315
316
317
318
1343
320
1345
322
1346
1348
1349
1351
1352
1353
330
1354
1355
333
1357
1360
1361
338
1364
341
342
343
1367
1369
346
1372
349
1373
1374
1376
1377
354
1378
1379
1380
360
1386
1387
1388
366
368
1392
1393
1394
1396
1397
1398
376
1400
378
1402
1404
382
392
1418
395
396
1422
399
400
401
1426
407
409
410
1434
1436
1437
1439
1440
1441
420
1444
1445
1448
425
1449
426
1450
428
1454
1455
432
1457
1458
1466
443
444
1469
447
1472
450
1477
1481
459
1485
1486
463
464
1490
1491
468
1494
472
1497
474
1498
1500
1501
478
1502
479
1508
1509
486
1511
489
491
492
1517
1518
497
1521
498
499
500
501
1531
509
1534
1535
512
1536
1537
517
1542
1543
1544
522
527
529
1555
534
1560
1562
539
1563
1564
1565
543
1569
546
1570
547
548
1572
549
550
551
1575
552
553
1581
1582
559
566
1590
567
568
569
572
573
1598
1601
1603
580
1604
581
582
1606
1607
585
1609
1612
1613
591
1615
1617
1620
1623
1624
1626
603
1627
605
608
1633
612
1637
1638
615
619
1643
623
1647
1648
1649
1650
631
632
636
638
1662
639
640
1664
641
1665
643
1668
645
1670
647
1672
1674
1677
1678
657
659
1683
660
1684
661
662
1686
665
666
1691
1692
669
671
1696
1697
674
1698
1699
678
679
1703
1707
1709
1711
1714
691
692
1719
1720
697
698
1723
700
1726
703
1729
706
708
1732
1734
713
1737
714
1738
1739
717
1741
719
1743
720
1745
722
1749
1752
730
732
733
734
735
1759
738
739
740
1766
1767
1768
745
748
1772
1774
1776
1777
1778
1779
756
1781
759
1786
1787
764
1788
766
767
1791
1794
771
1796
773
774
1798
776
1800
777
1801
781
1808
1809
1814
792
1818
1819
1820
798
1822
799
800
1825
1826
1828
806
807
1832
1834
811
813
815
1843
820
821
1847
824
1848
1853
830
1854
1855
833
835
837
838
840
841
844
853
858
860
861
863
865
871
876
877
878
881
883
886
888
894
895
896
905
907
910
911
914
915
917
920
921
922
932
934
935
937
944
948
949
953
960
962
965
968
969
974
975
976
977
978
983
985
988
990
991
994
995
998
1001
1003
1005
1006
1007
1012
1016
1019
1020
1021
1023
40
1
66
5
133
134
71
136
9
73
76
79
82
19
20
84
85
150
151
26
159
96
33
97
161
99
42
45
109
110
111
114
116
53
119
120
121
58
122
59
62
