4338
32769
32770
16387
24579
24580
16391
32775
8200
24584
9
32782
32783
32784
8210
16403
8213
32789
24606
16416
8225
34
8226
8227
32803
24612
37
38
32808
42
8235
49
32818
51
32822
16439
56
32824
16441
8253
16445
8254
8256
32833
24645
32838
24647
72
73
24649
24651
8270
24654
8272
16467
32852
86
24662
24663
24665
32859
8285
94
32863
24674
8291
16485
16486
32870
24679
32871
8297
8299
8301
113
32883
16500
24694
8311
8312
8313
126
32894
32897
32898
24707
32899
132
133
8334
144
147
149
32917
16538
24730
8348
24733
8350
32929
162
24747
32939
173
24751
16560
24754
8377
24763
190
8382
16574
8384
32961
195
16579
8388
8390
16582
32967
24777
203
24779
204
16595
24787
8405
8406
16598
16603
220
24796
221
8413
223
8416
16608
16609
16612
8422
16615
16616
33000
24813
8432
33009
247
8440
16635
33019
33022
8447
16639
24832
8451
24836
266
24845
272
33042
33044
24854
8475
24862
8479
33058
292
8484
293
297
16682
8492
8493
16685
24877
8499
315
8507
24892
319
8512
321
33090
8515
24899
24901
24903
333
33101
24910
335
336
339
16726
347
33115
33116
33118
33119
24930
8550
8551
24936
24937
33129
16749
24941
369
16761
379
8573
16765
8576
16769
386
391
8584
8586
24972
16785
402
408
8600
33181
33186
8611
16807
25000
427
33195
33196
8623
16818
33203
25012
16824
25016
25027
33219
454
8648
8651
461
33231
33232
25042
25043
33237
8665
8668
478
33247
25059
25064
33257
33258
33260
493
8687
33263
8688
8693
16887
25080
8699
16892
16896
25089
516
16900
33285
518
519
8711
520
8712
8716
33295
528
16912
529
8721
16913
16914
25106
16916
8725
33301
534
8728
537
8734
33317
16934
16936
25128
555
16940
557
16941
558
8751
25135
8759
33340
575
8768
577
8771
580
25156
583
25159
33355
588
589
16975
593
33361
8787
33364
599
601
16985
25180
16990
25182
16992
33376
609
33380
615
8807
16999
33384
25193
25196
622
33391
8821
631
632
8825
33404
17023
8832
17026
25218
33411
8837
25221
33414
8839
17032
650
25228
33420
33421
17040
8849
658
33426
8856
17049
33433
8864
673
674
8866
33444
8871
8873
25257
33449
8875
25260
17071
689
8881
8883
8884
17082
8891
25275
8892
25276
8895
704
705
706
707
25283
709
33485
25294
17103
8913
17106
25302
17111
25303
728
17114
735
8927
33504
17121
25313
33511
33513
33514
33515
17133
8944
33520
33523
17140
8955
764
25340
33532
8959
25345
8962
25350
777
17162
17164
782
783
8975
25359
8980
25364
8981
25365
17174
33560
793
795
33563
17181
8990
17184
802
25381
17190
33576
33577
17194
17196
17197
25390
9010
25395
17204
33588
822
17207
9019
17211
9021
17218
9028
17222
33607
840
9032
17224
17225
25420
845
846
850
9044
853
9046
855
9047
9051
17249
33633
9058
33637
9063
9064
9066
33642
9069
25454
879
9073
9074
17266
25458
17267
25459
884
25461
17271
9080
17272
25465
33657
17276
893
17277
33662
33668
25477
902
25478
25481
25482
907
910
17294
9103
25489
17299
17300
9111
17304
25498
9116
25500
17310
9120
9123
939
17324
17332
25524
33716
17333
950
25527
33723
9149
9150
17347
9157
25545
33738
9171
17364
25557
17366
33753
986
987
25564
9181
25565
990
991
25567
9186
17379
17388
33772
9198
33774
25583
9201
17396
33781
1017
1019
17405
1022
9214
1023
17408
9218
1028
1032
9224
1034
9226
17419
33804
1037
9230
9232
1042
9239
1049
25625
1050
9242
1051
17437
1055
33828
9253
17447
9260
1069
9261
33837
17454
25646
25648
33845
1083
1085
17478
17479
25672
17481
25673
9290
1099
9292
1106
25685
33879
1113
33881
33886
17504
1122
1123
9316
1125
1127
17511
33895
25706
1133
33901
1134
17521
1138
17522
25716
25718
33911
9337
33913
1149
25727
33920
33921
25734
25736
1163
9356
17550
25745
33937
9364
33940
25749
1174
25755
33947
33950
9375
9376
33954
1192
9384
9385
9386
9389
17581
9392
17584
9393
33972
1206
33974
33975
1208
1210
9404
9405
17598
9408
9409
17601
25793
33985
17602
17603
9412
9413
17605
33989
9415
1230
33998
25809
34001
34002
9429
17624
25818
25819
9436
34012
17631
25827
1252
9444
25829
1254
9446
17638
34023
1256
9448
9449
9453
17646
1265
34033
17652
9461
25845
34037
9462
34039
9464
9466
17658
9472
34050
25862
9479
9481
25865
17675
34061
25872
9491
34067
25876
9493
25878
25879
9497
17689
17691
17692
1311
17696
25888
17697
25890
17699
34086
34087
25897
34093
9521
25906
9523
17715
34099
17717
1334
34102
17719
9531
1340
1342
25918
34111
25920
34112
34116
34117
17736
25928
9545
17738
25932
9549
25937
34130
34131
17749
34137
25946
1371
34142
17760
1379
1383
17768
9577
17769
34154
17772
1390
9582
9587
9595
17787
1404
17788
17789
34177
25986
17796
9607
34184
17801
1418
9611
9612
9616
9617
34196
34198
34200
17819
9633
26018
34213
26023
34215
1448
34216
1449
1451
17835
26027
9645
17839
26031
17841
1462
9656
26046
1471
34245
34246
1481
17865
9674
9677
9682
26066
26067
17879
26071
9692
1503
17890
34274
26084
17893
1513
34281
9706
26093
34285
1519
34287
17904
26096
1524
9716
9718
17911
26110
34306
1539
34309
17930
26122
26125
17937
34322
1555
34326
34327
17945
34333
9760
17953
34342
34343
1576
26157
17971
17977
17979
17980
1598
9790
26174
34369
1603
26179
34371
34374
26183
9806
17998
34382
1619
1622
34394
1627
18011
26203
9821
9822
26207
1632
18016
18017
1635
9827
34404
34407
9832
9833
34409
26219
26220
1647
34418
26227
1653
1657
34427
18045
1664
9858
9859
34435
18053
1670
26249
1675
18059
1677
34446
1680
18066
34450
18067
1687
18072
9882
26266
9883
1692
9886
26271
18083
18084
9896
18088
26280
18089
9899
18092
34478
9906
1716
9908
26292
1721
26297
26298
9915
26300
9917
9919
26303
34498
9923
9926
18118
9928
9930
26315
26316
34510
9936
18129
9939
34516
1749
9941
9945
9947
26335
34530
18151
26344
34536
1769
9963
18160
34544
1779
9971
26355
9972
18164
26360
34552
26361
18174
34558
18178
1795
9987
34564
1798
18182
1801
1803
10000
10002
34582
26394
34586
26395
34593
10023
1832
10026
26415
18224
1845
26423
1848
1851
34620
26430
26431
26435
34628
1861
26437
34630
10061
1876
26452
18261
1884
18269
26465
26467
34661
10086
34662
18281
26478
34672
10098
26485
34684
1920
18304
10113
34689
10116
26503
1928
10122
34699
10127
34703
26513
26517
10134
26518
34714
26525
18334
18335
1952
26529
34723
1956
34726
34731
1966
18351
34736
18354
34739
1973
10166
1975
10167
18359
18360
1978
10171
1981
26557
1983
10176
18372
34756
34761
1994
10186
1995
34764
34768
2002
26579
26582
2008
2009
26585
10204
10205
34781
18400
10209
18402
34787
26600
10218
18417
34801
18418
10227
18420
26612
26613
34805
34806
34808
10234
26618
26619
34814
26624
2051
18437
26629
10247
2057
26634
34826
18444
26636
34830
18453
18454
18458
2079
18463
34849
10274
34850
2084
18471
26663
34855
26664
18473
18474
34858
10283
18476
34860
34861
26673
2099
10292
10293
10306
26690
10311
34890
10316
18508
26700
18509
26705
18517
34901
10327
2137
10330
26720
26722
34914
10340
26727
10345
26729
2156
2158
2160
34929
2167
26743
2171
34941
2175
18562
18567
10377
26762
34954
18572
34957
2192
18577
34961
18578
34964
2197
18583
2202
2203
10395
18588
26780
2205
18590
34974
2209
10402
26786
2211
18595
26789
18603
18608
34992
2225
10417
26801
26802
10421
26806
35002
2235
26811
26812
18621
35007
2240
26816
10434
35011
18628
26821
26822
2247
10439
26824
35016
2254
35022
10449
18643
10453
10455
26841
35035
10461
18655
2279
35048
18665
18667
2286
10478
18670
18671
18672
10481
18674
2294
10486
35062
35068
10493
35071
2305
26887
35080
2314
18701
2320
26899
26900
2326
10519
26903
35095
26906
35098
10524
35108
35118
2351
10544
18737
2355
10547
35125
26934
18746
10555
35131
26943
10560
26949
10567
10568
26952
26955
18764
10573
18766
35150
35151
2385
2387
35155
10581
35157
35159
10587
26972
26974
35168
26979
18788
26983
18793
35182
2422
35192
10617
27001
10621
35198
2433
2434
18818
27010
2436
2437
35207
35209
18828
27022
2447
27023
35216
10642
18834
2451
35219
35220
2453
18838
27030
27032
27033
35226
2460
2464
18848
2465
35236
27045
10662
10665
27049
10669
10671
27055
10673
10674
35250
18867
35253
18870
27062
18871
27064
27066
2492
18879
18881
2498
27079
2504
35273
35274
18892
27084
27092
2518
10710
27094
18905
27099
10718
35294
10719
10722
35300
27109
18919
10728
27114
18923
35310
10737
35313
35316
10744
18937
35321
2556
18942
2559
35328
2562
35331
35337
2570
10762
18957
27150
35342
27151
2577
2578
35348
10774
10775
27163
10782
2591
2595
10788
10789
10790
18983
35368
27177
10794
18987
35375
27184
27187
10813
19006
10815
2625
10817
19009
19014
2635
10827
35403
19022
27215
35407
2640
19024
27219
2644
35414
2647
10839
2648
35421
2654
2658
10854
19047
27240
19051
35435
19056
35442
10867
19059
35443
10869
27254
35446
2683
27261
10879
19076
19077
2698
27281
27282
10901
35477
2710
2712
10904
19099
19100
27293
2723
27299
10916
27300
35492
2726
27302
35494
27306
10924
35500
35501
35502
2736
19122
2740
2741
19125
10934
35513
27323
27325
10942
19134
2751
35522
27332
27333
35525
27334
10952
2761
19145
35530
2767
10960
35536
35537
10962
2778
27355
27358
19169
2786
27362
2788
10983
2792
10984
27368
10985
27369
19178
2801
19185
35569
10995
27380
2805
2808
27384
35578
35579
2814
35583
11008
35584
11015
19208
11017
19212
27405
19214
19215
27409
19219
27411
35604
35607
11033
27419
35611
2845
11037
27422
11039
2849
11042
11044
35620
2854
11046
2855
27431
19241
2859
27436
35628
19246
35638
19256
11066
2875
11067
11069
11071
19267
2884
19268
2885
2886
19272
35658
2892
19277
11086
27470
19279
35664
2897
35665
27474
11096
2909
2912
27490
11111
11112
35688
19305
2926
11120
19312
11121
19313
35697
27507
35699
2935
2936
11129
11131
35708
27519
11136
27520
35713
35716
2949
11142
35720
27529
35723
2956
11150
19343
2960
2962
27539
19351
27544
35738
11163
2973
2976
2978
2979
27556
11173
19365
35750
27560
11180
27564
35759
11187
2997
35765
11191
11192
27577
3003
11198
27587
27592
11211
19404
3022
27599
3030
27606
19415
11224
27608
3035
3036
11229
27614
19423
35808
11233
27618
3043
3044
3046
27622
3047
3050
27627
27630
35824
27634
11251
3060
19445
3063
35831
19448
27642
3067
19451
35835
19457
3076
19460
35844
19461
3079
11271
27656
11274
35850
35853
19471
3088
27665
35858
27668
19478
35864
27673
11290
11293
11296
27683
35876
11305
3116
11309
11312
27700
19510
19511
3133
11325
27710
3135
19524
11334
11336
19528
27723
27724
3149
11342
3154
11346
19547
35932
27742
19551
27743
19555
27747
27748
19559
3177
11369
27753
35951
3184
35952
3185
11377
3187
19572
19573
19574
19578
35962
11389
3201
35969
27778
3203
27780
27781
3208
19594
27786
19595
3212
19596
35980
11405
27790
27793
3218
27794
11411
11412
3222
35995
3229
11422
35998
36000
11425
36002
36005
36006
11431
27816
3241
19625
19626
19630
36018
27827
11444
36021
11448
36024
11449
27835
3261
11454
36032
11461
3270
19654
36039
36041
36042
27852
11469
27853
36045
19662
27854
36046
3283
27859
27864
19673
11482
19674
27870
11490
11491
11494
3306
27882
3307
36075
3308
3309
27885
36081
36082
27891
36083
3318
36086
36088
27897
3327
19711
11520
3332
3336
27912
27914
3339
19723
27915
11532
27916
3342
11539
19731
36116
3349
27925
19735
27927
19737
27929
36123
3357
36127
27936
11556
19749
27941
11558
27946
11563
19758
19761
36145
11570
36146
19764
3381
27957
27958
36150
11577
19769
19770
27962
11579
19772
19775
36160
27969
11586
19779
3398
11594
27978
19789
36173
27983
3408
19792
27985
36177
27986
27987
3417
19802
3420
11612
36188
36189
27998
36195
28004
19813
36198
36200
28011
28019
3444
19830
11641
3451
3453
3454
28031
36228
11655
36231
19848
36233
11658
3467
3469
3470
11662
11664
3474
19858
28050
19859
3478
19865
11677
19870
3488
11680
19872
36256
11682
28071
11688
11692
11693
19885
3503
3504
19888
3506
19891
28086
36280
28091
36285
3519
19903
11713
11722
36298
28107
36300
19917
19920
28117
19927
19928
28124
36316
19934
3551
11743
19935
36319
19941
28140
11760
28144
36339
11766
28150
19959
28152
36344
28153
11770
11771
36347
19964
19967
28168
19979
3596
11793
3603
28181
36373
28182
11801
11802
3611
36379
11806
28190
36382
28193
36385
28195
20005
11815
11828
3637
28215
3649
20035
36419
20042
3659
20043
20044
11855
3664
20051
11861
36437
11862
28246
11863
28249
11867
3676
36445
3678
20064
20069
11880
28264
20073
3693
28271
36463
20083
36467
36469
11894
20086
20088
36472
20089
20091
36475
36476
20095
28288
20097
3714
11908
20100
20104
36488
3721
11918
20111
3728
28306
11925
3736
3741
11933
36509
36510
28319
28320
36514
20132
3754
11946
28330
11947
36523
20142
11954
36531
3766
20150
36536
11961
20153
11962
20155
36541
3776
11970
36547
36553
3786
28362
3787
36555
11980
28368
11988
28374
36566
11994
11996
11997
28384
20193
36577
3810
3811
28389
36583
28393
28394
28396
12016
28401
20212
3831
3832
36600
12025
3837
12029
28413
3840
28418
36610
36613
20230
36615
28424
36616
36617
20234
28426
3851
3857
28434
3859
3862
12054
20247
12056
36632
28441
12059
28444
20256
36642
36647
3880
3882
12075
3884
36655
28466
3894
36662
36664
28474
36666
36668
20287
3913
36684
3922
12114
3923
36691
20309
36694
28506
20315
36701
28510
3937
36706
20324
20326
3944
12138
36715
20332
3949
28525
28531
12149
20342
28535
3961
36729
3962
12154
12156
20349
12158
3967
20351
3968
28544
36739
28550
12171
28556
3981
36753
3986
36758
20375
12184
28571
12188
3998
12190
28574
20384
28576
36768
20386
20388
20389
12198
28584
4010
12202
4011
12205
12206
20400
12212
12213
20406
28602
20413
28607
36799
20418
28610
36802
12228
28613
36806
12233
28617
36809
12235
4044
36812
36813
12238
28625
36820
28631
4056
28634
12253
12254
20448
36833
36837
12262
4071
4073
12265
4075
20459
28652
12273
28659
12279
12280
28665
12286
28673
36867
28676
20485
36869
28678
4103
12296
36872
12297
12298
12300
28687
4112
4117
36885
12311
12312
12317
4126
36896
12330
4139
28718
28720
36912
4145
20529
36915
4149
28726
4152
20538
20539
28734
4159
4161
12358
12362
12367
20559
12368
4182
36954
4190
20574
28767
4192
12385
36961
36963
28773
28774
12392
20584
4202
12394
20586
20591
12400
12403
4215
28792
12409
28793
28796
36989
12414
28798
12419
20618
12427
28812
4237
12433
4242
28822
12443
4256
28832
12449
28834
28837
12454
37031
12459
28843
4269
4270
20655
12466
28851
4276
12472
28857
4282
4283
4285
12477
20669
28863
20672
20673
37057
37059
12484
28870
12487
20679
4299
28876
28877
4302
20686
28882
12499
12502
12503
37083
12509
12511
12514
12515
28899
20708
28900
37092
4327
20711
28903
4328
28904
4329
12526
20718
28911
12530
37106
12532
4341
20726
37111
4350
12543
28935
12552
4362
12555
12556
12558
28942
4370
4371
37143
37144
20762
12572
28958
20771
37155
20774
28966
37161
37162
28971
4397
20781
4399
37167
37168
12593
28978
20787
37171
37172
37173
12598
4407
28983
4409
12602
4412
37181
20798
37182
20799
37183
28994
28995
12612
20805
28997
4428
4429
20814
4432
20817
4434
4438
29014
37206
12633
29017
37209
12635
12636
37213
29022
4454
12646
4455
20839
12649
20841
29033
4458
20842
4460
4468
29044
37236
4469
37238
12663
20859
29053
4478
20862
20863
20865
20872
12684
12685
12688
12689
37272
4509
29085
20894
4514
29093
12711
4520
20904
4521
4523
4525
29106
37298
29109
12726
20919
20927
20928
20929
4549
29125
20934
37320
4555
12747
37323
20946
20954
29146
37338
20958
29151
29152
4579
20963
20964
37352
37354
4591
20975
4593
12785
29171
12788
20982
29174
12792
37368
12793
4609
29185
20994
4611
29191
12810
37386
4622
21008
29201
37394
12819
37395
29205
37402
4635
4637
29213
29217
21027
37411
29220
21030
12842
4652
29228
37425
21042
37427
12853
12857
4667
4668
12860
29245
29246
12864
21061
12871
29259
37451
37452
29262
12879
29263
12880
4691
37459
21076
21078
37463
29272
4698
4699
21083
37467
4704
37472
12897
37474
4708
4711
29287
37479
4712
12906
37482
29292
21102
12911
12912
21104
12914
21107
37492
37493
4726
29306
21118
21119
4738
12930
29320
21135
37519
12946
12947
37523
37524
12949
21142
21145
12957
37533
4766
12958
4772
12964
21156
21158
12968
29352
4777
29356
29357
21168
37553
4787
37555
21175
12987
21180
37564
29374
29375
21184
29378
12996
21188
12997
21189
37573
29385
29386
4811
4815
37584
21202
4819
21206
21208
4825
13018
4828
37597
4831
29411
29416
37609
37610
29421
21230
4847
29424
21237
29433
4859
21243
37627
29439
21248
13057
37633
13059
29443
29444
13062
4871
21255
21260
4877
37650
4883
21268
21270
4895
4898
13091
37669
4903
13101
21293
4911
21295
21297
37685
29494
21306
37694
13122
13123
29507
37699
29513
13134
29520
21331
4951
4952
21337
37721
29530
29531
4956
4957
4958
29535
29540
4965
29541
29543
4968
13160
21352
13162
4973
29550
29552
4980
37752
4986
21370
13180
4991
37759
4992
13184
13185
37761
37762
21381
13191
29578
37770
21390
21391
37778
5011
13205
5014
29590
37784
5019
29595
5021
21406
29601
5026
37794
21411
29603
37795
37796
21414
37798
37800
5034
37802
37803
13228
29612
37805
37807
13232
5042
13235
37812
13237
21429
29623
21435
37819
5052
29629
13249
21443
29635
13253
5063
21448
5068
5070
13262
13264
37842
21460
37844
13269
37846
13273
5082
21470
37855
29665
13283
29669
21479
13292
29676
29677
37872
13298
5107
29683
37876
21494
29686
13303
13305
21498
13307
37883
37884
37886
29696
5125
13317
29702
29703
13320
13325
13326
37906
5139
13331
29715
37907
29716
5141
5148
21535
37920
13348
37926
37930
21548
29741
5166
13358
29742
13359
29745
5173
29749
21561
37945
37946
21564
21567
5190
29771
5198
21583
37967
37968
37969
29778
37981
21598
21599
37983
37984
5221
29798
13416
21609
5226
29803
37995
13421
29805
13422
5235
29811
5237
29813
38006
21624
21626
38010
21627
13439
29823
29826
38018
13444
21636
13445
29836
38030
5264
21649
13458
38034
13459
13464
38042
13470
21662
21664
38049
29861
5291
29867
13485
21678
13487
13488
29873
13493
21688
29881
38082
5315
13508
21705
5323
29900
29903
13520
13521
21717
21722
29914
38107
21724
29917
29920
13537
38116
38126
38128
5365
29942
21754
13565
13566
29955
29956
5383
38152
13577
5387
29963
5388
38161
38162
13587
13588
5397
29974
13596
5407
13603
5415
5417
38185
21804
38188
5421
5423
21809
13621
5431
13628
21820
21822
5439
30017
30020
30024
13643
13645
13646
5456
13650
30035
21844
5462
13657
13658
13659
21853
21854
30051
21860
5477
30053
13672
30056
21866
30058
13677
13680
21872
30067
30072
13691
30075
5500
21884
30078
30081
13699
21893
30085
30090
21906
13716
5527
21915
13727
21920
30112
13737
30129
13749
30136
30139
13756
30141
13758
30142
5571
30147
21960
5578
30154
21967
30159
21973
30169
30170
21980
30173
30179
5611
21996
5618
30200
22009
30209
5639
5640
22024
13834
30224
13842
13844
13847
13848
22042
22045
5662
22047
5667
22053
30246
22060
13869
22061
22063
5681
30257
5683
5686
30265
5690
5691
13883
22076
5698
30274
5702
13896
13901
22095
5712
5713
13908
13911
22103
5722
5723
30303
22112
30304
30306
30309
30310
5739
22124
30318
22129
30322
5747
13939
5748
13941
22133
13943
22136
5753
5756
13949
30334
30335
22144
13953
13955
13956
22149
22150
30343
5771
22157
5777
30355
22164
22167
22168
5786
13978
22170
30365
5791
30369
13986
30370
5795
13987
13993
14002
22198
30390
30392
22201
14018
30403
14020
30408
14028
22222
5844
5846
14040
30424
30425
14043
22237
5856
22244
30438
22249
30441
22257
5876
14069
5884
14076
22273
30468
14085
5898
22282
14093
30478
30484
5911
22295
5912
30493
22309
5928
30507
30516
30521
5947
22331
14140
22333
30530
5957
14149
30533
14155
30539
22350
5969
14161
22356
22357
30549
5974
22358
30550
14167
22362
22364
14173
5983
14175
22367
22375
30568
14186
22379
22384
22386
22391
22392
14201
6011
22396
14210
14213
22407
6027
6030
22415
14226
22419
30611
14233
30617
6049
30626
14246
22439
14248
6058
30635
6065
14258
6067
30643
6068
14260
14267
22460
30652
6077
14274
14277
30661
30663
22472
6091
22478
30671
14289
30673
6098
6099
14291
22483
22484
14295
14301
6113
22498
30690
6129
30705
22517
14327
22521
6139
22524
30717
6142
14334
30719
14337
30722
14339
6150
30730
14348
14351
30738
30739
6164
22549
22554
22558
30752
6177
14369
22563
30755
14372
6189
6193
22578
6196
14392
14398
6207
22591
14404
22598
30792
30799
6224
14419
22613
14422
14423
6232
30812
14433
6251
6255
30834
6260
6262
22646
6269
30845
22654
6273
30850
22660
22673
22675
14485
22678
14487
30876
6301
22685
14494
30879
22692
6310
14502
6311
6313
22700
6317
22701
14516
14518
22713
14522
30907
6333
6335
14528
30913
22723
30916
14533
30917
6342
14535
14536
30920
22731
6351
22736
6353
30930
30932
30934
30936
6361
6362
6363
30939
30940
6366
30944
14561
14562
14563
14564
22756
6373
6375
6376
6379
22763
6381
14577
22770
22771
6389
6390
22774
14586
30975
30980
14597
14598
30983
22792
30989
14606
6415
22799
6417
30993
14613
31002
14620
6434
22818
6435
6436
14628
14629
22821
22824
31020
14638
22831
6449
14641
31026
31027
14645
31031
14650
31034
14651
31035
14652
22854
6471
14664
6476
14668
14669
22865
14674
31058
6487
6488
22873
31065
6496
31073
6500
31077
22887
14698
22893
22894
31087
22896
31088
22900
6518
22907
31100
22912
6531
6532
22919
6543
31119
22928
14737
14739
14742
14744
22943
31135
22944
14755
31140
6565
22953
14762
22955
6573
22957
6575
14769
14771
6582
22969
6587
22973
22974
22975
6594
14786
22979
31178
22987
22988
14799
31186
31188
6614
31192
31195
6620
14813
23007
6626
6629
31207
31208
6634
23023
31216
31219
6646
6647
14842
23035
31228
31234
23043
31237
14855
31241
14865
23057
23061
31259
6685
31261
6686
6694
14887
23079
6700
6701
31284
14902
23094
31288
14907
23099
14909
31294
14911
31295
6720
31301
6726
6730
14922
23125
6743
6745
23130
31322
6748
6749
31326
6752
31330
31335
6760
31336
6762
31338
31340
23149
14961
23155
23156
31354
6781
14973
14975
23169
31362
6787
14979
23172
31366
14983
31373
31376
14998
6810
23195
23197
6814
6815
23200
6819
15011
6826
15018
6829
6832
15025
15029
31415
6841
6842
15034
15041
6851
15043
15044
23236
6853
31430
15050
15051
23250
6867
15059
15061
31446
6873
31452
6877
15069
31453
6878
23264
15073
31459
31461
31469
31475
15094
23287
31479
23291
15100
23293
31485
15103
31487
31489
6914
6924
31500
23309
6930
6932
23316
15126
15133
23330
31522
23331
23334
23337
31531
6956
23343
15152
31537
23347
15157
23353
6970
31547
23358
31550
31551
6977
23361
15171
6980
6982
23370
31562
6989
23374
15184
15185
15186
23378
23379
15192
31577
15194
31582
7007
23392
31585
15208
15212
15214
7028
23416
31611
15229
23422
31618
7043
7047
23437
7054
7055
23441
31634
7060
31637
15254
7063
15256
7066
7069
15261
15264
23456
7073
7075
15268
15269
7080
7084
31662
15280
15284
31669
31674
23485
23487
7104
7106
15304
31688
7113
7115
31692
15309
7118
23502
7123
23510
7127
15322
15326
15327
23519
7138
23522
7139
15336
23528
7152
7154
31730
31734
15351
31739
7164
23548
23549
31752
7177
7179
31755
31756
15374
15379
31763
31766
23579
31773
7198
15391
31775
31777
7203
23587
23589
31781
31782
15401
23594
15403
23600
7218
31800
15420
15424
7233
7234
15426
23618
7237
15431
23627
31819
7249
23638
31831
15448
7257
23642
31834
23643
15452
7261
15454
15458
23650
15459
7271
23655
23657
15467
31852
15469
23661
7279
23664
7282
23667
31860
23670
15482
23681
7298
31880
7305
23694
7313
7318
7319
15513
31897
31898
15519
31904
31914
7343
15537
15539
31924
15541
23734
15545
15547
7356
31934
23743
31937
31939
7364
7366
31942
15564
31954
7382
15574
7384
15576
7385
7386
23774
23775
15589
15600
23792
7409
15601
23793
31990
15607
31992
7420
7425
23810
23812
7429
23815
32013
15635
7447
7451
15648
32032
32035
32036
7463
23850
15667
7477
7479
32056
15673
23865
7482
23866
32058
32059
32063
7491
23876
7493
32069
7494
23883
32078
23887
15697
23891
15707
23900
32093
15714
7525
23909
15718
32105
15724
15725
15726
23918
15727
32118
23929
7546
15738
7548
15740
7554
15746
32130
32138
7563
15755
32139
7565
32142
7579
32155
23964
23966
32164
23977
7595
23979
7601
32177
7604
23988
32185
23997
32189
32190
15811
24004
7621
32203
32205
15822
15823
7633
32209
7634
24018
7635
24019
15831
15835
32219
24029
32221
7651
7653
15845
15848
24041
15850
24046
7665
15857
32241
15860
32248
15865
15866
24059
24069
15881
24078
15887
15894
15895
24087
24097
24098
32290
15908
7724
15918
7727
7728
15923
24115
32309
7735
32313
32316
24127
24131
7755
7756
32332
7758
32334
32335
7760
15952
7768
7770
15963
32348
32349
7774
15967
7777
15970
32354
24167
7784
15976
32363
7788
32364
7793
24180
24181
32373
15990
24182
32374
15992
7803
15995
7804
32382
24195
32398
32399
24208
7827
24211
7828
7831
16023
32411
16028
24220
16030
24222
7840
16032
16033
7843
32423
24234
16044
32428
24237
7855
24239
16049
24241
32433
7858
16052
24246
16057
16060
24252
7869
24258
7876
32452
16069
16070
7880
24267
7884
7887
24271
24272
16082
24274
16085
7898
24282
32474
24285
16101
24294
7913
32490
32492
7917
7918
24306
16116
24308
24309
24311
32503
24314
32509
32510
32511
16134
24326
32518
16135
7946
16139
32523
7950
24334
7951
7952
7955
16152
24344
7961
7964
24348
32540
32541
16159
7968
7970
7975
7977
7979
24364
24365
24367
24370
7988
24384
8002
8004
24388
8005
16197
16201
32586
8012
32588
24400
16213
24406
8025
32601
8026
16220
24414
8035
32614
24424
16235
8044
24428
24430
8050
32626
8055
16248
8058
24444
32640
8070
32646
8071
24456
32648
16265
8075
8076
32653
32661
24473
8090
32666
32667
16286
32671
24480
24482
16292
32676
32677
8108
16303
8117
16309
16310
32695
24507
32699
16316
8125
24509
16323
24516
8133
16325
24517
16331
24526
32719
24529
32725
32728
16345
16346
24539
8162
32738
32742
32747
8173
32749
8176
16375
24568
32762
24573
8191
16383
6
1
469
13
302
175
383
