7712
16386
16392
32777
10
11
16395
20
32788
16405
32789
22
24
16408
32795
32796
32798
16418
16421
38
16423
41
16425
32809
43
32811
32812
49
16433
50
16434
16437
32821
16440
16441
16442
32826
60
32829
16447
16448
16453
32837
71
72
32842
32845
32846
32848
32850
83
32852
89
90
16476
16477
94
16479
96
98
32866
99
32867
16491
32877
16494
16495
112
32880
16500
16502
119
32890
16507
129
32900
32902
16522
16524
32912
145
32913
32914
147
16533
16534
153
32923
16546
32931
164
32933
170
172
32943
32944
177
178
179
32947
32949
184
16568
32955
32956
32958
16575
32962
32963
32964
198
16582
200
16584
201
202
16586
32971
32972
205
207
210
16597
214
16598
215
32984
218
219
32988
221
32992
225
32999
235
236
33005
238
241
33013
247
16631
16636
253
16637
254
16638
16640
33027
261
33029
16646
33030
263
16647
16650
33034
16651
16652
33036
33038
33039
16656
33041
16660
16661
33046
16663
33049
283
33052
16669
33054
16675
16676
294
16678
16680
33064
297
16681
298
33068
33069
33070
303
33071
33072
33073
306
16690
33078
16695
312
316
16701
322
16706
33090
33093
16710
327
329
33098
16717
33101
16721
33107
33111
16728
33116
33117
350
351
16741
33125
358
362
33132
33134
369
33137
370
375
379
33148
384
16771
33155
391
16779
33163
396
16780
16781
16788
16789
33173
412
16797
33184
422
423
425
426
427
33196
430
431
436
16820
16823
33207
440
16826
16827
16831
16834
451
16836
456
33224
458
33226
33227
460
33228
461
16845
462
16848
466
33234
33235
471
16855
33241
33242
478
480
16867
485
486
16870
33255
33259
16879
33263
16889
511
16896
16901
33294
33295
16916
33300
33301
541
542
543
16929
546
16932
33317
33318
551
16939
556
16942
33326
563
564
565
33334
16956
577
33347
583
584
33356
33357
16977
33361
33365
599
16983
601
602
16986
16987
16989
16990
33375
610
17000
620
33388
33390
17010
17011
629
17014
632
33400
634
33403
33404
17023
641
33409
643
33411
17028
646
648
17033
33419
17037
33421
33422
33423
33425
17043
33427
33429
662
17049
33434
33436
33438
33441
17059
33445
17062
679
17069
689
692
33464
698
17082
699
702
703
17087
17088
33473
33474
17091
708
33476
33477
17097
714
17099
17107
33494
33495
33497
17114
731
732
734
737
33513
17132
17135
33523
17146
17147
33531
766
769
770
17154
17155
772
774
775
17159
17162
33546
779
33549
782
33550
17168
785
17170
33563
33565
798
33566
33567
33568
33572
33577
33582
33583
817
819
17205
823
33592
831
33599
17217
836
840
17227
33611
17231
850
33620
33622
855
33623
856
33624
33627
33628
17247
33633
33634
17251
33635
868
17252
880
33648
882
17266
33650
883
33651
885
17275
892
33660
17277
33661
898
17286
33670
17287
33673
33674
17294
17295
17296
913
914
33684
919
17305
33689
923
17307
33691
924
33697
938
17322
17323
33707
17325
17326
943
33712
945
33713
953
17338
17339
33723
17342
33726
17343
17344
961
964
17348
33733
33735
17357
17358
17360
977
17362
979
17363
33752
985
989
17374
994
17379
33764
17381
1000
17389
33774
1007
17391
33776
1011
17395
17396
33782
1015
17399
33787
1020
33789
1023
1028
1034
17422
17428
1053
33821
17438
33824
1057
17441
17447
17448
17449
1066
17453
33840
17457
17460
17461
33845
1079
17466
17469
1087
1088
17472
1091
33859
17484
1103
33872
1108
1110
33879
17496
1113
33881
1116
1123
33892
1128
17512
17518
33903
1141
33909
1145
33913
33916
17533
33917
17534
17536
33924
17541
17548
1166
1167
1169
33941
1182
17567
17568
33952
17569
1190
1200
17586
1203
1209
1215
17601
1218
1225
17614
34001
17620
1240
1243
17628
34012
34013
17632
34020
1253
17638
17642
1259
34027
17648
1265
1268
34036
1277
34045
1278
34048
34051
34060
34066
17683
1302
34073
34075
1310
17694
34078
1311
17695
1315
34083
34084
1318
34086
34089
17707
1326
1328
34098
34099
1332
17718
17720
17722
34110
1343
17727
17731
1350
34118
34119
34120
34126
17747
1364
1367
1370
1374
1375
1379
34150
1383
17767
34152
17770
17771
34155
34156
17774
34161
1396
1398
17783
34169
1402
34171
17788
1406
17791
1408
1412
17797
34182
1421
17806
34192
17809
1440
34208
17827
34211
1444
17828
1445
17830
34216
1453
34221
1455
17840
34225
1459
17843
1462
17846
34230
17848
34234
17851
17852
34236
1469
17854
17857
1474
1475
17859
17861
34245
1478
17863
34248
1481
1483
1485
34255
17878
17879
17880
1499
17884
17885
17891
34275
1508
17892
34277
17896
1514
1515
17899
1516
1520
17906
34290
17907
17908
34292
17910
34301
34304
1537
34306
1540
17926
34317
1551
1552
1553
1556
1557
34326
17944
1565
1567
34335
17956
17957
17958
34342
1575
17964
34349
17966
17967
17968
34358
1591
34359
17977
34361
17978
17979
17980
17982
34366
34368
17986
1607
1608
1609
34378
17995
1612
1614
34382
34383
1617
1618
34386
34388
18007
18011
1628
18016
1633
1636
34408
34409
34410
1643
34412
18030
34418
18037
1657
18041
34426
1659
34427
1660
1662
34430
34433
1667
34435
1670
34438
18055
34440
18058
18064
18065
34449
18069
1686
1687
18073
1690
1691
18078
18081
18082
18086
34471
18091
34476
1710
1712
18096
1713
1715
18100
34484
34486
34487
34492
1727
1734
1736
18120
1737
34505
18123
18124
18125
18126
1745
18131
34515
34517
34520
1758
18148
1766
34534
18151
1769
34537
18154
1775
1776
18160
34545
1778
1780
1781
34551
18169
1787
34556
34557
18176
18181
18182
1799
18183
1801
34569
18188
34576
34577
1810
34579
1816
18203
34588
34591
1827
34595
1829
18213
18214
1832
34600
18218
18219
34603
34605
34608
1842
34611
34612
1847
18232
1851
34621
18238
1859
34628
18247
34631
18253
34637
18255
34641
34648
34649
34650
1884
18268
34652
1886
18271
34657
34663
34667
18286
34670
18290
18295
18296
34681
34682
1916
18300
18301
34685
1919
18303
34688
18306
34690
34692
18310
18314
1931
18317
34702
34704
34705
1939
18324
1941
18328
34712
1945
18330
1949
1950
34718
1953
18338
34722
34726
18347
34732
1969
34737
1972
1973
18359
1976
18362
1979
34747
1983
18369
18371
18374
18375
1994
18378
1995
18379
34763
1996
34764
34766
2001
2003
18388
34772
2005
18389
34773
34776
34780
2013
18397
34781
18401
2018
2019
18406
2027
18412
34796
2031
18415
34804
34806
2039
34809
2042
18426
2044
34815
2049
2051
34819
34820
34821
2057
34825
2061
18449
2066
2068
18452
2072
34842
2077
18461
34846
18464
34848
2085
34853
18471
34859
18476
34861
2095
18479
34865
18482
2100
34868
34875
18492
34877
2110
34881
34882
34883
18500
18503
18504
18507
34892
2126
2128
34896
18514
2136
18522
2139
34909
18529
2147
34915
2157
18542
34926
18543
18544
2161
2163
18547
34934
34935
34936
2170
2172
34940
34941
18558
2175
34943
34945
34948
34950
2183
18570
34956
2189
2190
2194
18580
18581
2198
2199
18587
34975
34978
34979
34980
34987
2220
18605
18609
34996
2230
18616
35000
2233
35001
18618
2235
18620
18621
2241
2242
18628
18629
2246
35015
2249
35020
2255
18640
18649
35036
18653
35037
2271
18655
2272
2273
18658
18661
18666
35050
18667
18670
18672
18674
2292
18677
2295
2296
18680
18683
35069
18686
2308
35076
18693
18694
2312
18696
18699
35083
35087
18705
18709
35095
2330
18714
35098
2334
35103
18722
2341
18729
2346
18732
18734
2352
2354
18739
2360
2363
2365
18749
18751
2369
18754
2374
18758
2378
18762
35148
18765
18767
35151
18770
35158
2392
18779
35165
18784
35168
35169
2402
2403
2408
18794
18798
2415
35183
35186
35188
2421
2422
35190
18812
18814
2432
18818
35202
2435
35204
35207
18825
35209
2442
2443
18827
18828
18833
35217
2453
2461
2463
18847
35231
18848
35233
2466
18851
2469
35237
35241
18858
2475
2476
35244
2478
35246
18865
35250
2483
18872
2490
18875
18879
2496
18881
18882
2499
18883
35267
35268
2503
18887
18888
18890
35275
18894
35280
35283
2517
2518
35288
2521
2522
35290
18907
18908
35292
2528
2529
2531
35300
35301
18918
35302
35305
35306
35307
2540
2544
35312
35313
2546
18932
18937
35322
2557
2559
35327
2561
35336
18953
35343
18963
2583
35353
2594
35366
35367
2600
2604
18988
18993
18995
18996
35381
2618
35388
35392
35394
2629
19013
2631
19016
35402
19019
35404
2639
19023
19026
35412
2645
35417
35418
2651
35420
19040
2663
35433
35435
19054
19055
35439
35444
19061
2678
35447
2680
2684
35454
19071
35459
2692
19079
19082
35468
2703
19088
35475
2708
35478
2711
19096
19097
35487
35488
2723
35491
35493
19112
19114
35498
19118
19119
19121
35505
35506
2740
35509
2742
19126
2743
19127
2750
19134
2757
2758
35526
2764
35533
2771
2772
19156
19159
35544
35545
2780
19166
35552
19170
35558
2791
35562
2797
19182
35569
2802
35572
35574
2807
2813
2814
35582
2817
35589
2822
35593
2826
35595
35597
2831
19215
2835
2837
19223
2841
35611
19230
19232
2850
2852
2855
2857
35625
19245
2862
19246
35634
19253
19255
19260
35645
35647
19265
2888
35661
2895
19279
2896
2900
2902
2904
35672
19289
19293
2911
19298
35682
19299
19301
2919
35687
35688
19305
19306
19309
2930
35700
2933
35701
35703
2938
35708
35710
19327
35711
2944
2945
35713
19331
19339
35723
2956
35725
19342
35726
35728
2963
2966
19351
2969
2973
35742
2978
2979
2980
19366
19368
35752
19369
35759
2992
19376
2997
35765
2998
35766
2999
19385
35769
3002
19387
35771
35772
3006
3007
19391
35775
19392
35776
35780
35782
19401
35785
19402
3019
3021
19405
19407
3029
19413
3030
35800
19425
3042
35810
19427
19429
35814
19432
3049
35817
35818
19440
19442
35826
19443
3061
19448
3065
19449
35839
19457
3078
19462
35847
19465
35849
35853
3089
35857
19474
35859
35861
3094
3095
3097
35865
19484
3101
3104
3107
3109
35877
3110
35880
3115
3119
19503
3123
19508
3127
3128
19513
35898
35899
19516
3134
3135
19519
3137
3138
35906
3140
19525
35913
3148
3149
19533
35919
3152
19536
35920
35921
19540
35924
3158
35926
3161
19546
35930
35933
19551
35935
3170
35938
19556
35943
3176
3180
19567
35952
35954
35955
19572
3189
35958
3193
19579
35963
3198
19583
35967
35968
19585
3203
19587
35975
19593
35977
3212
3213
35981
3216
19600
19603
3221
19606
3223
35992
3228
35996
19616
36001
36002
3236
36004
36011
3244
36012
3248
36017
36019
3258
19642
36027
19644
3265
36034
36035
3269
3272
19656
3273
3275
36043
3277
19662
19664
3281
36050
19667
36051
19670
19673
36057
36059
36062
36063
19680
36069
3302
19686
3305
3310
3311
36079
36081
3314
19699
3316
19700
36084
19701
36086
3319
36087
3325
19712
3329
3330
36103
3340
3343
36111
19728
36114
36116
3350
3351
19736
36133
3368
19755
36140
3373
19762
36146
3379
36150
19769
36154
3388
36159
19776
36160
36163
36164
19781
3398
19785
3403
36173
3407
3412
36180
19798
3419
19804
36190
19808
36194
3427
19815
36199
3432
19817
3434
36202
19822
3442
19826
36210
3449
3451
19838
36227
19847
3466
3471
36240
36242
36251
19870
36257
19877
3494
36263
3496
36265
19882
3500
36269
19888
36272
3505
19889
3510
19895
3513
36281
3515
19899
3516
36290
3526
19913
36299
3532
36303
3537
36305
36308
19933
36317
3550
36319
3552
3553
36321
3555
3556
19940
3557
19941
19943
3562
36330
19947
36331
36336
19955
3572
19957
3579
36347
19964
3581
19965
36349
3582
36351
36352
19969
19970
36358
3592
36361
36363
3596
19980
19981
3598
19983
19986
36372
36375
36377
3610
36381
19998
19999
3619
3620
20004
36392
3630
36399
20019
36403
3637
36408
3641
36409
36410
36412
20029
20034
20041
36427
20044
3663
20049
36433
3666
36436
36438
3673
3675
20059
36446
3679
20063
36447
20064
20069
3686
20073
36464
3697
36466
3701
36470
36472
36473
3706
20091
20093
36479
36481
3714
3715
3719
20103
20105
36491
20111
3730
36500
36502
20121
3739
20127
20128
20130
36515
36516
20146
36531
20148
3771
20155
36541
3778
20163
36547
20168
3787
3789
3790
3794
36562
20180
36565
3798
20182
36569
20189
20191
36575
36578
20197
20198
3823
36591
20209
36593
36595
20212
36600
3833
36601
3834
3835
20219
3837
3840
20224
36610
3844
20229
20230
36614
3847
3848
3854
20238
36625
20242
3861
3863
3864
36632
3865
36635
3869
3870
3872
36641
3875
20259
36643
36644
3877
20261
36649
36658
3891
3896
36664
36666
3900
36668
36669
36676
3911
36681
3915
36684
20303
3920
20306
20308
36693
20310
36696
3930
36698
36702
36706
3944
3949
36720
20337
20338
20339
36724
3957
20341
20342
3961
36729
20348
20350
3978
3979
36747
3984
3985
20370
36754
3988
36756
36759
3998
36766
36767
4004
36772
4008
36779
4013
20402
4019
36788
4023
36791
36793
36794
20411
20412
4029
20415
4032
36800
36804
20425
20426
20428
36813
4047
20433
4051
20435
4052
4056
36824
36827
36828
20445
4064
4065
36835
36836
36842
4075
4076
20462
36846
4079
4080
20466
4083
36851
20475
36859
20476
4094
36863
20480
20484
36868
4103
36872
4107
36875
4111
36882
20500
36884
36890
20507
20508
20509
20510
36899
20521
4139
4141
36910
4143
4144
4146
20538
36922
20539
20541
36925
36927
20544
20549
36934
4167
36935
4168
4171
36939
4175
4177
36947
4180
36949
20567
20571
36958
4191
4195
20579
4197
4200
36972
20589
4206
36974
20596
36980
4213
20601
20602
36988
36990
20611
36995
4228
36999
20619
20622
4241
20626
20627
4244
37012
4246
20641
20645
4263
4268
37038
4273
37044
37050
4283
20670
4291
37060
4293
37065
20684
37068
4301
37069
37070
4315
20699
4317
4319
20705
20707
37091
4324
20709
37097
20717
20718
20719
20721
4340
20724
37111
37112
4345
20734
4351
20736
20739
20741
20742
37129
4364
37132
37136
37139
4372
20757
37141
20758
4377
4378
20762
20765
20766
37152
20769
20770
20771
4388
20774
37158
4392
20779
20780
20788
37173
20792
37176
20793
4411
37179
20797
4415
37183
4418
20802
20804
37188
4421
4422
37190
37191
20810
20811
4429
20814
37199
4434
20818
4440
4442
20827
37215
4449
4450
20837
4455
20840
4457
20841
20842
4459
20843
20846
4463
4465
20852
20853
4471
4476
4477
20862
37248
37253
20872
20874
4493
20877
4494
20880
4502
4505
37273
4507
20896
20897
37282
4515
20900
37284
20902
37287
20904
4521
4522
20907
20908
20910
37294
4527
20913
37301
20919
4537
4547
37316
20934
20935
37320
37321
20940
37324
20944
37329
4562
20947
37332
37339
37341
37349
4586
37355
37358
20975
37359
20976
4593
4594
20978
4595
4596
20980
37364
4597
37371
37373
4607
37376
4612
20996
37380
20997
37381
4614
37383
4616
21003
37387
4621
4622
21009
21013
21015
37402
4635
37406
4641
37409
21026
21028
21030
21031
4648
21033
37418
21039
4658
4659
37428
4661
37431
37432
37433
21051
4672
21059
4677
4679
4681
4683
37451
4685
21070
37455
4688
37456
21074
4691
4698
21082
21083
4703
21087
37473
4708
37477
21094
37478
37479
37480
21097
4714
37482
21101
4720
37491
4724
37492
21110
4729
37497
37501
37502
4735
37504
4737
21125
21131
37515
21132
21134
37518
21135
37524
37526
37527
4762
21151
37535
21155
21158
21159
21162
4779
21165
37549
21166
4783
21167
37554
4788
37557
21174
37559
37564
37565
4798
37566
21185
21190
4809
21194
37578
4813
4817
37588
21205
21206
37591
37597
4833
37607
21226
4844
4848
37617
37619
21236
21237
37621
37622
21241
4858
21242
37633
4866
37634
21251
21253
4874
4875
21263
37647
37648
21266
4886
21273
4890
4891
21278
37662
4896
4897
4900
4903
21288
37672
21289
37678
21295
21296
21300
37687
21304
37688
21306
21307
21309
37701
4934
37702
21319
37704
21321
21322
37706
37708
37709
4944
37712
37713
21330
21333
37719
4953
21337
37721
37722
21340
37728
21348
4965
21349
21350
21351
37735
21353
37737
4970
37740
4976
37744
4981
21365
4982
37750
37752
4989
21373
21374
37759
21377
21378
21381
37765
21384
5002
5006
37774
37776
5015
37784
37787
37789
21407
5025
21410
5028
21412
5036
37804
5039
37808
5045
37819
21441
21442
21444
21446
5064
21451
5072
37840
21462
5079
21465
37849
5082
21469
37853
5087
21474
37858
21476
21477
37861
21478
5095
21480
37864
21482
37868
21485
37869
5103
21487
37872
5106
37877
21495
37881
21501
37885
5123
5128
5132
5133
5136
21521
5138
21522
5139
5140
37910
37911
37914
5147
21532
37917
21537
21538
5155
37923
21540
5157
21541
21544
37929
21547
21552
5169
37937
37941
21559
21560
21562
37948
5181
37952
5189
21573
37958
21577
37961
37962
21582
37966
5202
21587
5206
21592
37979
37982
21600
21604
5223
37992
37993
21610
37994
21611
21613
21614
5233
38002
21619
38003
21620
5241
38009
38010
38018
5252
21636
38020
38021
38022
21646
5264
21649
38034
5267
5268
5271
21655
38043
5279
38049
38050
5289
38062
38065
21683
21686
5304
5305
38076
5311
21704
38089
21707
21708
5325
38094
5327
21711
38096
38097
21719
21720
38104
38110
21728
38113
21730
21731
5351
21736
5356
21742
21745
21746
38130
38131
5364
21749
21750
5369
38137
38140
38142
38147
5380
21764
38148
5385
21770
38154
21771
21772
5389
38158
5391
21778
38165
5403
21787
21789
38173
38176
21793
38177
38178
5412
38180
21797
38185
5420
21804
38188
21805
38190
5423
38191
38194
5429
38200
5434
38202
21819
38204
21821
5439
21829
38216
21833
5450
21834
5451
38219
21836
5456
21841
5463
21849
5467
5468
5469
38244
21865
21866
5483
21867
5484
5485
5486
5490
21874
38258
38259
5496
21880
5497
21884
38268
5505
5508
21892
5509
21893
21895
5515
5516
38284
5517
38285
21902
5521
21906
5524
21908
38292
21917
5538
21927
21928
38317
5550
38319
5557
21945
5562
21949
21950
5568
5574
5576
5578
5586
21978
38362
21979
21980
38364
38365
21985
38370
21987
38371
5604
38372
38373
21990
21991
5609
21994
5611
38381
5615
22000
22001
38385
22002
38386
22003
38390
38391
38395
22012
38397
22014
5633
38401
38407
5640
22024
5642
22030
5647
38418
22035
22036
22040
5657
38425
22043
22045
5664
5665
38438
38440
38443
5676
22060
22061
5680
38449
5683
38454
22071
5689
38458
5694
5697
22083
38470
22087
22088
22090
22098
38484
5717
5724
5728
38499
22116
38500
5734
5736
38504
22121
22128
38512
22129
22133
38518
5751
22138
5757
5763
22149
22153
38537
5770
5776
38545
38547
5780
22164
38549
5782
22167
5785
22170
38555
22172
22180
38564
5798
38566
38567
22185
5805
38575
5809
5811
22195
5812
5813
38582
5816
22201
22202
38586
5820
22205
38590
5825
5826
5827
5828
22214
38600
5837
22222
5840
22224
5841
22225
5842
22230
38614
22233
22234
22235
22236
38621
22238
38623
38628
22246
22248
5865
38635
22252
38640
22257
22264
5881
38652
5891
38659
22280
5899
5900
22286
5904
22290
38675
5910
22294
22297
38681
22305
38690
38691
38692
5925
38694
22312
38698
22317
22320
5943
5945
38715
22332
38717
5950
22335
38722
22340
5957
38728
38729
5965
38733
5967
22354
38738
5973
5974
22358
38742
5978
22364
22367
5985
22370
5988
38756
5990
38758
22375
38761
38768
22387
38772
38774
6008
6010
38778
22396
6013
38781
22400
22401
38786
6019
38789
38790
6024
22410
38794
6027
6028
22413
6033
6036
6040
38809
6046
38815
22432
38816
6050
6051
22436
22439
22442
6061
22445
38830
22447
22450
38836
22453
22454
6074
22468
38853
6089
22473
38858
6092
38862
6095
22481
6098
22482
38866
22484
22486
22488
22493
6110
38878
22495
38881
6114
22498
22501
38885
6124
22508
38893
38895
6131
38899
38905
6141
38909
38910
6144
6145
38914
22531
22534
22536
6155
6157
22545
38929
22546
22549
6167
22551
6169
6171
6172
22564
6182
6183
22567
6185
38953
38958
38960
22577
38961
6194
22578
22579
6198
38967
22587
38971
38972
22592
22599
6220
22604
38988
22605
22607
38996
38999
22616
22618
6235
39005
22622
22628
39014
6247
22632
39021
22638
22639
39028
6266
6271
6275
6276
22660
6277
22661
39050
22667
22670
6293
6294
39066
6304
39072
39073
22690
39074
6307
22694
39081
6314
6315
22699
6319
39087
6320
39088
6321
6323
39091
6324
39093
22711
39098
6335
22720
39105
22725
6343
6344
39112
22732
6350
39118
22736
22740
22744
6362
22747
6367
22752
39140
6379
39149
22770
6391
6392
6395
39166
6399
22783
39170
6406
22790
39174
22792
6409
22798
39183
6418
22803
22807
39191
39193
22810
6431
39199
22817
6435
22821
6439
39207
39209
22827
39214
22832
6450
39225
22842
6460
6463
6466
39236
6470
39240
22857
39241
22862
22863
22865
39250
6483
39252
39254
22871
39256
39257
6490
22874
22875
6493
39262
6496
6502
39270
22887
6507
39275
22892
39281
6524
22908
39293
6526
22911
39301
6535
39303
22920
6540
22924
6544
6546
6549
22933
39317
6552
39321
22939
6556
22940
6558
39326
6562
39332
39337
22956
22959
39346
22964
22966
22968
6585
6586
22974
39364
22981
39369
39371
22988
22990
6612
39380
22998
6615
6621
6624
6625
23013
39398
39402
39404
23022
6641
23029
23033
23035
23036
6653
39423
39428
23046
39431
23048
23049
23051
39435
23053
6670
23055
6672
39440
6673
6679
6680
23065
23066
6685
23069
23075
6693
39461
23078
23079
6696
39465
6698
39466
23085
23086
23088
23090
39476
6709
39478
23102
39486
39490
23108
23109
23111
6729
6730
39499
6732
23117
6734
39503
39506
39508
23125
6742
23127
39514
39516
39517
23134
23139
39524
39529
6764
23148
39533
23160
39544
23162
23164
6784
6787
39557
6790
39558
23176
23180
6801
23188
6805
39573
39577
39578
23196
6813
23197
23200
6818
39587
39589
6829
39597
6830
39598
6832
23217
39601
23220
39604
6839
23223
6842
23226
23227
6845
39613
39614
23233
39619
23236
6853
23242
6864
23250
39635
39637
39639
23260
6877
23264
23271
6891
23275
6892
39661
23279
6900
6908
39680
6914
23301
39685
6918
39686
23306
39692
39694
39697
39703
39709
6945
6948
6949
39720
39721
6954
39722
39724
23344
39731
39732
23350
39734
39736
6969
6971
23355
39740
39741
6975
39743
39746
6980
23366
39750
23368
39752
6985
6990
23374
23376
39760
6994
39766
23383
23384
23385
23389
39773
23396
39782
7015
7019
7024
23408
39792
7025
23409
39793
7026
23412
39797
7030
23417
39805
39807
7041
23426
39810
39811
39820
23437
23443
39831
7066
7068
7070
39839
23457
7075
23459
39843
23460
39844
7077
7079
23463
7080
23464
39852
7088
23474
7094
39863
7096
23480
7098
39867
39868
23490
39874
23494
39878
39879
23497
23499
39888
39889
7122
7124
23509
7128
23516
23518
7139
23525
23527
39916
23536
39920
23538
39922
39923
23542
39926
23544
39930
7165
39933
7169
7170
23558
23567
39951
7184
7185
23573
39959
23576
23578
7199
39968
7202
7203
23587
39978
7212
39980
39982
39984
39988
39989
7226
39996
7230
39998
40003
40005
40009
7242
7248
40017
40022
7255
7262
23646
7264
40039
23656
23658
40042
40043
23661
7279
7281
23665
40049
7285
23669
40056
7290
23675
40059
40061
7295
23679
23687
40071
40073
7306
23692
40076
7311
23696
40082
23702
7320
23706
23707
7325
23710
40100
23720
40105
23726
23727
7346
40118
40119
7353
23737
7355
40123
40125
40129
40131
40132
7365
40133
7369
7370
7371
23759
7376
40144
23763
23769
40153
23770
40159
23778
7395
23779
40164
23783
23784
23787
40172
7405
23789
40176
7412
7413
7414
23798
7421
23805
40191
40192
7425
7426
23810
23811
23817
40203
7440
7441
40210
7444
40215
23835
23837
40221
23845
23846
40230
7463
23849
40235
7469
40237
40238
23855
7474
7475
23861
40245
23866
7485
23869
7488
23872
23874
7492
7494
40262
7497
40267
40270
40271
40272
7507
40275
40276
23893
40277
23894
40279
23897
7515
23899
7518
7523
23907
40292
40294
23912
23916
7539
40309
7542
40311
7546
23932
7550
40319
7553
23939
23941
23943
40335
7569
40342
23962
7580
23967
40351
7587
40356
23974
40359
23978
23980
7600
23985
23987
40376
7610
23997
7614
40382
24003
40387
7623
24008
40393
24010
7628
24014
40404
7637
40405
7642
7645
24030
24038
40423
40425
7658
40426
7659
7661
24048
7665
24050
40434
40437
7673
24063
7681
24068
7685
24069
40454
24071
24073
40457
7690
24074
24078
40462
24079
40463
7696
24080
7697
24081
7702
7704
7706
24090
40475
40476
40479
7716
7717
7718
40486
40488
7723
24107
7724
40492
7726
7728
40498
24117
40501
24122
40509
24126
7744
7748
7750
40518
40520
24143
24144
7764
24151
7770
24161
7780
40548
24165
7782
40551
40552
24170
7787
40555
7788
24172
40556
40557
24181
40566
40567
7801
24186
24187
7805
7806
24191
24192
40576
40579
24201
24203
40589
7823
24208
24214
7836
24222
24224
24225
40609
24227
24229
7846
7850
40619
40623
7856
24242
40629
7863
7865
24252
40639
7872
24259
7881
24274
24277
7897
7898
7902
7904
24288
24289
40675
7908
40676
40677
7914
24298
24301
40686
7922
40690
40691
7924
24312
40696
7932
40704
24324
7941
24328
40714
24331
7948
40717
40719
24340
7957
7962
24348
40732
7965
24354
7971
24355
7974
24359
40743
40744
7978
40750
24369
7987
40758
24375
7995
24379
24383
40770
24387
24388
24391
24395
8012
40785
40787
8021
24406
40790
40792
40794
40795
8028
24412
24415
24416
8034
24420
40804
40807
8043
40816
24434
40820
40822
40823
40824
24441
24446
8063
24451
24453
8070
40842
8076
8078
40846
40851
40852
40854
24472
40857
24475
24476
8095
24480
40867
8103
8105
24490
24491
40876
8111
8113
8116
8121
8122
8123
40892
8125
40900
24520
40904
40906
24523
24526
8143
40911
40912
40916
8150
24535
40927
24545
8162
8165
40939
40942
24560
40944
40945
24566
24568
24574
8192
40961
40964
24581
8200
40970
8206
8209
40977
40978
24600
40984
8217
40985
40987
8223
40991
40992
8227
24612
8230
8233
41001
8239
24627
24633
41018
24637
24639
41025
8258
8260
41032
24650
8267
8269
41037
24656
8273
24659
41046
41048
41049
24667
8287
41055
41056
24673
24678
8295
41064
24683
24684
24687
8306
24691
41075
41081
24698
41084
24703
8324
41092
24713
24717
41101
24718
8335
41109
8342
8343
41111
24728
8347
8349
41119
41121
24738
8356
24740
24741
24743
8360
41128
24745
8364
24749
8367
24759
41145
41147
24764
41148
8381
24765
8383
8385
24770
41155
8388
41156
8389
8392
24776
41161
24779
24780
8398
8399
41167
8403
24788
24790
41174
8410
41181
8417
24805
8423
8425
41197
41202
41208
24826
8443
8449
24833
8451
41219
8453
24837
41221
41223
8457
24841
24843
41229
24849
8466
24851
8468
24852
8471
8474
24859
8478
24862
24863
24864
41249
24869
24870
41255
24873
41257
8490
24877
41262
41269
24889
41274
41279
24896
41280
24900
41286
24903
8521
24905
24906
24908
8526
8527
24912
8529
24915
41302
41307
24924
41309
8543
8545
8546
41314
24933
8552
24937
24938
8556
8558
24945
41333
8568
41336
24953
8571
24956
24960
24962
41346
41347
8581
41349
24969
24970
8587
8588
41356
41358
8592
8595
24979
8596
24980
41365
41366
24984
41371
24988
8606
8607
41376
8609
41380
24998
8616
25002
25003
25006
41390
41392
25014
25018
8637
8638
41408
8642
25026
8643
25028
8648
25034
25035
41422
41423
25041
41427
8660
8663
41435
8668
25052
8674
25058
41443
41444
8677
25061
41445
25062
8679
25063
41449
8688
41461
41462
25079
8696
8698
8702
25086
25093
25094
25097
41483
41484
25102
41490
41494
41497
25114
41498
41499
8732
8734
25120
8738
8739
25123
41507
8740
8741
41509
8742
41512
41514
8750
25136
25137
41524
25141
25145
41529
41532
25149
8766
25150
41535
41537
25154
25157
25158
8778
8782
41552
25169
8786
8791
25176
41560
41562
41564
8799
25183
25184
8802
8810
41579
8814
8815
41584
41587
41591
25211
41599
25216
41600
8833
25217
25218
41602
8839
25227
8845
41615
25233
25236
41620
25237
8854
8855
41625
25242
8860
8864
25249
41633
25252
41640
25257
25259
8882
41651
25270
8891
41661
25279
8897
25285
41670
25291
41677
41679
41681
25298
25301
41686
8923
25307
41691
8928
8930
41700
25317
25318
41702
8935
25320
41705
8939
25323
25324
41710
41713
41717
41722
25340
25341
41726
8959
41732
8966
41735
25353
41739
25356
41746
41747
8980
25365
8982
8985
41755
25372
25373
25379
25381
8999
25383
9002
9006
9007
41776
9010
41779
9012
25396
9013
9017
25402
41788
25405
41793
9027
41795
9028
41798
41799
25417
9036
9037
41808
25426
9045
25431
9048
41818
9052
25436
9054
41822
41823
25442
9059
25445
41829
41831
41834
41835
9068
9069
25457
9074
25459
41844
25462
9079
25463
41848
9081
25466
25470
9091
25475
41859
25477
9096
25481
9101
41869
9102
25487
25489
9108
41876
25497
9114
41888
25505
9128
25514
41898
9132
41906
9143
25528
25529
41914
41917
25536
41920
41922
9156
25541
9158
41926
9161
41932
25551
25554
41940
25559
41944
9177
25563
41950
25568
41958
25575
9192
41961
41963
9197
41969
25586
25596
41980
25597
41982
9216
41985
9219
9222
41992
41995
41997
41998
25615
41999
25616
42000
9235
25619
42004
9237
25622
9241
9244
9246
9248
25633
25635
42022
42026
9259
42030
9265
25650
9268
42037
25656
25659
42046
42047
42048
25665
42053
42054
25671
25672
9291
9292
9296
25680
42064
9297
25681
25682
42067
9300
9301
25686
42070
25691
42076
25695
25696
25697
42081
42084
9317
25702
9321
25706
9323
42092
42094
25711
25714
42100
9334
25718
42102
25722
25725
42109
42112
42113
42114
9348
25732
42116
9349
42117
25734
25735
42119
9355
25739
42123
9356
42124
42125
42126
25744
25746
42130
25748
42133
42134
42136
25755
9375
25759
42145
42151
9385
25770
25771
9389
9390
9391
25775
42160
25781
42166
9400
25791
9408
42180
25797
9416
25801
42185
9420
25804
9421
25805
25807
9424
42193
42194
42196
25815
42199
9435
42203
42208
42209
25828
9446
25831
42216
25833
25834
42220
9455
25841
25845
25849
9468
42237
9471
42239
25857
42241
25859
25861
9479
25864
42251
42252
9486
9487
25871
42262
42263
9496
9500
42268
9503
25887
25888
42272
9505
42274
42276
42277
9512
42280
9516
42285
42286
9521
25905
9522
25908
42292
25909
9526
9527
9528
42296
42301
9535
9539
25923
42309
9543
42311
9544
25929
9547
42315
25938
42322
25939
25942
42326
25947
42335
9569
9572
42345
42348
42349
9582
42353
9588
42358
25977
25978
25979
42363
42366
9600
25985
9603
42371
25988
25993
9610
42380
42381
9615
26002
42392
26011
9628
42400
26019
26023
26024
9643
42412
26033
42418
42419
42422
42423
42424
42425
26047
26048
42432
26049
42435
26053
9672
26060
42446
42447
9680
42448
9684
9686
9691
42460
9693
26078
42462
26081
42465
26084
26086
42473
9711
26098
42482
9715
42489
26107
42492
42493
9726
42494
26111
9728
26112
26114
42498
9731
42500
26118
26119
42505
42511
26131
26132
9753
42524
9759
26144
9763
9778
9781
42552
42553
26170
42554
26176
26181
42566
26185
9806
26190
9812
26197
42581
42584
26202
26204
26207
9824
42592
42597
42607
42610
9846
42615
9849
26234
26235
26236
26239
42624
9858
42628
9864
26248
9865
26255
42639
9873
42641
26258
9877
9878
26262
9879
9880
9881
42652
26270
26273
9890
42659
9892
26279
9896
42665
42667
42671
9911
9914
26302
42686
42702
9936
9938
9940
42714
42715
26335
42721
26339
9959
9961
9962
26346
42730
9963
26347
42731
26350
26351
9971
42741
26360
26361
42748
26365
9988
9989
26373
9998
10000
42768
42771
10004
26389
42773
26390
26392
26397
26400
26403
10024
26409
10026
10028
42797
42799
42802
10038
26422
42814
26432
10050
10051
42822
10061
10064
10070
26454
26455
42839
10073
10077
42847
42848
10082
10085
42853
26471
10088
42861
10095
42863
26482
42866
10100
26485
26487
10104
10108
42879
10118
42887
10120
10122
10126
26513
26515
10134
26518
10135
26520
10138
26523
10140
42910
42915
26532
42917
26534
42920
42922
10155
10156
26540
10158
26548
10168
42937
26555
42941
10174
10175
26564
10185
42953
42957
10194
10196
42965
42976
42982
10215
42989
26607
42991
26609
26610
10228
10229
26613
10236
26621
26624
43009
26626
26627
26628
10246
26631
26633
26634
43020
26640
26641
26643
10260
26644
10261
43030
10267
43039
10274
10275
10276
43044
10277
10284
26668
26670
26671
10288
26672
43058
43060
26677
26682
43066
10300
26685
10305
43073
10307
10308
10309
43077
43078
43079
43082
10318
10319
26704
43090
10323
43094
26711
26712
43097
26716
26718
10335
26722
26726
43110
26727
10344
43112
10348
26732
10350
43118
26735
26736
43120
43122
26739
43123
10356
26741
43125
43126
43130
43131
43132
26749
10366
43136
10369
26757
26758
10376
26763
10381
43150
10384
26768
43154
10387
43155
26775
43159
43160
26778
10396
26786
43170
10404
43173
26795
26800
43189
26807
10426
26811
43195
26812
26816
26817
10434
43202
10436
26820
10438
10440
26824
43208
10441
10442
43211
26828
43212
10445
10446
43215
43220
26838
26839
10456
10463
26848
26849
10466
26851
10469
43238
26858
10475
43248
10482
26869
43253
43254
10493
10497
26888
43273
26890
43274
10510
10512
26896
43280
26897
26899
10516
10523
10526
26910
26912
43297
43298
26915
26916
26917
10539
43309
26927
43311
26930
10547
43315
26932
10550
10553
43324
43327
43331
43333
43334
26951
10571
10575
10576
43356
43357
26977
10595
26979
10597
43365
26982
10599
10601
26989
43375
10610
26996
43380
26997
43391
27008
27011
43395
10629
43397
10636
43407
27025
10644
27029
27031
10648
43417
27035
27041
43425
10658
10661
10662
43430
43431
10666
27050
27053
10672
27059
10677
43446
10679
27065
43453
10686
10691
10695
27079
10699
10700
27087
43471
27089
10706
10707
27092
43477
10711
10713
27099
27102
43488
10726
27112
43498
10732
43501
10736
27120
27124
27128
10745
10748
10749
27134
43518
43522
10756
27142
10763
27147
43531
10764
10768
27152
43539
27157
43541
27161
10779
43549
27170
43554
43555
10788
27182
10802
43576
10809
43577
10814
10816
27201
10820
10826
10827
43595
27213
27215
10837
27222
27225
10843
43612
10846
43615
27234
43620
27241
27242
10860
10862
43631
43632
10866
10867
27251
10869
27255
27256
43640
10874
10877
43648
10881
43651
27275
43665
43666
27284
43670
43672
10905
27290
27291
27292
43678
43681
27298
10915
43684
43689
43693
10926
27310
10927
10928
43697
10931
27316
10936
27323
43707
27325
10942
43710
10953
43722
43725
27343
10960
27344
10961
27346
10963
43731
10964
43735
43743
10976
10978
10979
10986
43754
27371
10988
27372
10991
43763
10997
43765
43767
11002
11004
27388
43773
11006
27390
43774
11007
27396
43782
11016
43784
11017
27401
27402
43787
43788
43789
11024
11025
11027
43796
27413
27414
11031
27416
11033
27418
43806
43807
11040
43810
11043
27430
11047
11050
43818
43819
11052
43821
11054
43822
11058
27445
11063
11066
27451
27452
11074
11076
27461
11081
11083
27467
43852
11087
43858
11091
11092
27476
43860
11093
11095
43863
43865
27482
27489
11106
43875
11110
27494
11111
43879
11113
11115
27499
27500
43884
11122
27507
11124
27516
11133
43901
27520
43904
11138
11148
43920
43921
43922
43926
27543
43928
11161
43932
27551
43936
27553
27555
43941
11174
27559
11176
43944
43949
27566
43955
27574
27583
27587
27595
43983
43984
43985
11220
27606
43991
27608
43993
27619
44003
44005
27628
27629
11249
11250
44019
11254
11256
11258
44027
44028
44033
27650
11267
27655
44040
27657
27658
44048
11281
44049
11282
44051
27671
11288
44057
11291
44060
27683
11301
27686
44071
27688
44072
44073
27693
44077
44078
44080
27700
11322
27711
27716
44100
27719
44104
11338
27722
11339
11340
11346
27730
11351
11353
11361
27747
44132
11366
44136
27753
44137
44141
11376
27766
44152
27769
44155
11391
27777
44161
27778
11395
27781
11399
44167
11405
27790
27791
27794
44178
11411
44180
44186
11419
44192
44193
27810
27811
11429
27813
27816
44206
27823
44207
27824
11441
27827
44211
27829
27830
27832
27834
11451
11453
27839
27841
44226
44229
44230
44234
27852
44237
27854
27856
44244
44245
11478
11479
11483
11487
27872
44258
44263
27881
44266
27884
27885
27886
27896
44281
11520
27905
11525
11526
11527
27912
44296
27913
44297
27919
11536
27920
44304
44307
11540
27924
11544
27928
27929
11550
27934
44319
27940
27942
44326
44328
11561
44331
44337
11572
11573
27957
27962
11582
27967
11584
11585
11589
27974
44358
11591
44363
11596
44365
11598
44369
27986
11603
27987
44371
27992
27994
44378
11614
27998
11615
44385
28002
11622
28007
44394
11627
44396
11629
28019
11640
28025
44410
28027
11646
28033
28035
11652
44420
28038
44422
28040
44425
11659
44427
11664
28049
44434
28053
44439
44440
44445
11678
11680
28064
44448
28066
11683
28068
28069
11687
44455
11688
11691
28076
28078
28080
11697
44466
44467
28084
44468
44474
28093
11712
28097
44482
44483
28102
11726
44496
28115
28116
11733
44502
11736
28120
11738
28125
44509
11744
11745
44514
28132
11749
44518
11752
11753
28137
44522
44523
11761
28146
44531
11764
44532
44533
28152
11769
11771
11773
28159
11778
44546
44547
11780
11781
44549
28166
28171
44556
28174
44559
11794
44563
44567
28184
28185
28187
11805
11807
28194
44579
11812
44582
11816
11818
28203
11820
28205
44590
11827
11832
44600
11839
28223
44608
11841
44610
11844
28229
28230
44616
44617
11853
28238
44624
11861
11866
44638
44639
11873
11880
28265
44649
11889
11891
11894
44662
11895
28286
44670
44674
28291
44676
28295
28297
44681
28298
11916
28302
44686
28303
44687
11921
11923
44693
11930
28314
28316
28318
28320
11940
44708
44709
44716
28335
44720
28337
11954
44723
28341
44726
44731
28348
11965
28353
11971
28356
44744
44745
28362
28368
11985
44753
11988
44757
11990
28377
28382
11999
28384
28390
44776
12012
12014
12017
44786
28406
44790
12023
44791
12024
44792
12026
12027
12028
44797
12030
44799
28416
12033
12035
44803
12037
28425
12042
28426
44815
28432
44816
44820
28437
44822
28444
12064
44835
28455
44842
44849
28466
28467
44854
44855
12090
44858
44860
28477
28479
12096
28481
28486
12103
28493
44879
12114
28498
12115
12116
28501
12118
28504
12121
28507
12126
12127
44897
28519
44903
28520
28521
44905
28522
28523
28525
28526
12148
28532
28534
44918
12152
12157
12159
44928
12161
12162
28546
12163
44932
44933
28552
44941
28560
44945
12178
12179
12183
44954
28572
12190
12195
28580
12199
12200
12205
28589
28590
12212
28597
44981
44983
28605
28606
44995
44999
45000
45001
12234
28618
45002
28624
28625
45012
28630
45015
45021
12254
28638
28641
12258
12264
45032
12265
12266
28650
45035
28656
45040
12275
45043
12277
45046
12279
45048
28665
28668
45052
28675
28678
28679
12300
45068
45069
28691
12308
28693
28694
28697
45081
28698
45084
12317
28703
28705
28707
45098
45101
12334
28718
28720
28722
45106
45109
45110
12343
45111
12350
12354
12355
12361
12362
28746
12363
28747
12371
12374
12375
28761
12379
12380
28765
28766
12383
28767
12388
28782
12399
12403
28788
28792
12409
12417
12422
12424
12430
12431
12432
12436
12437
12438
28825
28826
12446
28832
28834
28839
28843
12466
12469
12470
28854
28855
28859
12477
12481
12482
28878
12495
12498
28890
12507
28892
12515
28903
12522
28906
12524
12531
28915
12532
28919
28925
28932
12554
12555
12557
28945
12562
12565
12566
28950
12569
12570
12577
28963
28970
28978
12602
12603
28989
12606
28990
12607
12608
12609
28993
12613
28997
12616
29002
12625
29011
12628
29015
12632
29020
29021
12643
29027
12645
12650
12652
12653
29038
12655
12661
29045
12664
12665
29053
29061
29065
12684
12688
29074
12691
29078
29080
29081
12702
29087
29089
29091
12708
29092
29094
12711
12714
29101
29106
12723
12724
12731
29120
29128
12749
29136
12757
12760
12762
29160
29163
12781
12785
12786
12787
29186
29189
12810
29194
12811
29197
12815
29202
12831
12843
12851
29238
12856
12857
29242
12859
29244
29246
12869
12870
12879
12880
12881
29265
29276
12899
29284
12902
29287
29289
29290
12908
29295
29298
12916
12920
29305
12923
29307
12929
29316
12936
29320
12941
12943
29328
12949
29334
12953
12954
12955
12957
12967
12968
12969
29354
29358
29362
12979
29363
29364
29366
12984
29369
12988
29372
12989
12992
29378
12999
29385
13002
13003
29387
13004
13010
29394
29397
29398
13015
29399
29401
13019
13022
29406
13027
29411
13033
13036
29424
29425
13043
29427
29429
13046
29433
29435
29436
29438
13056
29445
29446
29447
13067
29451
13069
13070
13074
29459
13077
29461
13080
13081
29480
13097
29483
13102
13104
29488
13109
13113
29500
29501
13120
13121
29510
13130
29514
13133
29517
13134
29522
13140
13141
13143
13145
29532
13154
29546
29551
13168
29556
29558
29567
13185
13188
13190
29575
29585
13204
29591
13209
13214
29603
29609
29611
13233
29618
13235
29619
13237
13239
29623
29627
13244
29631
13250
29638
13256
29641
13261
13264
13267
29660
29667
13288
13289
29674
13291
29676
13295
13296
13300
13302
13304
13305
13310
29698
13319
13322
29710
29713
13336
13337
13338
13349
29735
29740
29741
29743
29745
13364
13365
13366
29750
29755
29758
29764
13382
13383
29767
13384
13385
13391
13392
29780
13398
29784
13401
29786
13404
29790
13411
13416
29803
29807
29811
13428
29814
13432
13436
13437
29821
13438
13439
29823
29825
13442
13443
29828
29830
29832
29835
13455
29843
13461
29845
29848
29852
29853
13470
13471
29858
29859
29862
29863
29868
29873
29880
13500
13506
13510
13512
13515
29900
13518
13520
29904
13522
13525
29913
29914
29915
13535
29922
29925
13542
29926
29927
13544
29929
13548
29938
13556
29940
13562
13574
13587
13594
13595
29992
13609
13611
29996
13617
30003
13620
13624
30008
13626
30012
30013
30018
13636
30023
30025
13642
30034
13654
13655
30040
13659
30043
13660
13661
30046
13663
13664
13666
13673
30059
13676
13677
30062
30065
13687
30071
13694
30086
13706
13708
13714
13715
30100
13717
13719
30104
13721
30106
30107
30110
30115
13733
30117
30121
30123
13740
30126
13744
13747
13748
13749
30136
30141
30142
13767
30151
13770
13771
13772
13776
30162
30164
30170
13791
13795
13802
13805
13806
13807
30193
13813
30198
30199
13816
13821
30210
13832
13836
30221
13838
30223
30225
13846
30232
13851
13857
30241
13858
30245
30250
13867
13868
30256
13878
13879
13880
13881
13883
30268
30270
30280
13897
13903
13904
30295
13914
30300
30308
13925
13929
13931
30316
30319
30321
13940
13944
30328
13946
30332
30333
30334
30337
30339
30340
30342
13962
30348
13965
30350
13969
13970
30354
13974
13975
30359
13976
30363
30367
13989
13990
30374
30377
13997
13999
14003
30387
14009
14014
14015
14020
30405
30407
14027
30411
14037
30424
30425
14042
30426
30428
14045
30429
30438
14055
30442
14059
14061
14063
30448
14066
14074
30461
14081
14082
30470
30471
30475
30477
14094
14095
14097
30485
30487
14104
30489
30490
14107
30491
14108
30492
30493
30498
14125
14127
30515
30527
14145
14147
30532
30542
30543
30546
30550
30551
30558
14178
14184
14187
14191
14196
14197
14200
14204
14205
14208
30594
30595
30596
14216
30602
30604
30605
30606
30611
30612
30615
30619
30620
30623
14241
14244
14246
30632
14254
14260
14261
30645
30649
30650
14271
30655
30659
30663
14284
14286
30672
14293
14294
14295
30687
14309
30695
14318
30703
30705
14323
14328
14329
14333
30718
14335
30722
14339
14344
30729
14350
30735
14357
14358
30742
14361
30746
14365
30751
14368
14369
14374
14376
14385
14387
14389
30778
30779
14398
14401
14402
14403
14404
14412
30804
30805
30810
14430
14433
30817
14434
30821
30829
14448
30834
14451
14453
30837
30840
30842
14466
30851
14471
30855
14472
30856
30859
30862
14480
30865
30866
30867
30871
14488
30881
14501
30885
14504
14508
30892
30893
14511
30899
30902
14519
30907
30908
14531
14533
14535
30919
14545
14546
30930
14549
14554
30944
14562
30946
14563
14564
30953
30954
30961
30964
14582
30966
14583
30967
30970
30971
14588
14589
30974
14602
14608
30995
30996
30997
30998
14616
31002
31005
31007
14627
14629
31015
31017
31020
31021
31026
14643
31029
31034
31037
14654
14655
31039
14656
31042
14666
31054
31055
31056
14679
31063
31065
31067
14684
31068
31074
31077
14694
31078
14703
14706
14709
14713
31100
14718
31102
31106
31111
31114
14731
31118
31120
14743
14744
31134
14763
31152
31156
14774
14777
31162
14780
31165
31170
14792
14797
31181
31189
14807
14809
14813
14814
31199
14819
31203
14820
31206
31208
31212
14830
14831
14837
31224
14846
31234
31235
31246
14868
31252
31254
31256
14873
31260
31261
14878
14885
31274
14891
31275
14898
14902
14903
14908
31293
31295
14913
14914
31311
31314
14931
31315
14932
31316
31319
31323
31324
14944
14946
31333
31338
31341
14963
31349
31350
31351
31354
14975
31361
31362
14981
14983
31368
14988
14990
14993
14995
14996
14997
14998
14999
31387
15004
31402
15019
15021
15022
15023
15024
15029
15033
31425
31426
15046
31430
31433
31434
31435
15054
31443
31454
31467
31469
31477
15094
15095
31480
15098
31483
15103
15106
31495
15118
15121
31513
15130
31515
31517
31524
31526
31530
15149
15150
31536
31537
15154
15157
15158
15160
31545
15170
15171
31555
31557
31559
15177
15178
15180
15186
31580
31584
31595
15216
31602
31604
15226
31613
31614
31617
15241
31625
15242
31629
31631
31633
15255
15259
15262
15268
15273
15274
15277
31661
15280
31664
31665
15285
15289
15296
31685
31689
15307
31692
15313
15320
31706
31709
15328
31715
15339
15340
31724
31729
31730
31732
15349
31738
31740
31744
15372
15373
31757
15375
31761
31767
31769
31774
31778
31780
15400
31786
31787
15405
15408
31794
15414
31800
31803
31804
31805
31806
15424
15430
31814
15436
31821
15438
15444
15446
31831
15450
31835
15454
31838
15463
15464
15472
15473
15474
15478
31865
31869
31872
15489
31874
31886
31889
15506
31891
31892
31893
31895
15519
15520
31909
15528
31915
15532
31916
15534
31918
31924
15541
15542
31926
15544
31938
15555
15556
31941
15562
15564
15567
31953
15576
15579
31964
15586
15589
31975
31977
15595
15599
31983
15603
15605
15613
15617
32004
15621
15627
15634
15638
32022
32024
15642
32033
32036
15653
15657
15659
32048
15666
32051
32056
32059
15681
32068
15686
15690
15692
32077
32090
32091
15708
32092
32100
15719
15721
32107
32109
15727
15730
15733
15734
32120
32121
15741
32125
15744
32129
15746
15749
15751
32136
32140
15763
15767
15775
15777
32164
32168
32174
32175
15792
32177
15794
15795
15798
32183
15801
15802
15804
15805
32191
32196
32202
15821
15822
32206
15823
32207
32210
32211
15831
32222
32224
15842
32227
15844
15847
32235
32238
15855
32244
32247
32248
32250
32252
15871
15876
32260
15877
15886
15890
32274
32278
15897
15902
32286
32287
15912
32307
15926
15931
32321
32327
32328
15946
32330
15949
15951
32338
32339
32341
32344
32345
15965
32351
15968
15972
15973
32357
15974
32359
15979
15981
32367
15984
15985
15988
32372
15989
15992
32376
32381
32391
32398
32402
32403
16027
32420
16039
32423
32426
16045
16047
32431
16051
32437
16054
32438
32443
16062
32451
32456
32459
16077
32462
16081
16086
32470
32471
16088
32474
16092
16098
16102
16103
32487
32491
16109
16115
32505
16122
16123
16124
32508
16135
32520
32524
32525
16143
16144
16145
16150
32536
16153
32537
16155
16157
16159
16165
16169
32553
16173
32557
32558
32559
16179
16180
32571
16189
16191
32579
16196
32581
16199
16203
32587
16204
32592
16212
32599
16219
16220
16223
32607
32608
16225
32615
32619
16237
32622
16240
32625
16243
16246
16248
16250
16251
32635
16252
16259
16269
16279
32663
16284
32668
16285
16291
32675
32677
32684
32685
32687
16304
16307
16308
16310
16311
32698
16315
16323
32711
32714
16338
16341
32728
16345
32730
16347
32737
16354
32740
16358
32743
16361
16366
16369
16370
32756
32758
16375
32760
16380
32765
10
130
306
195
197
229
265
59
140
428
14
