430
1025
1026
3
2051
2052
5
8
2056
9
1035
2059
2060
13
15
1040
2064
2065
2066
21
2069
2071
26
1050
28
1054
2079
1056
1064
2089
2091
1070
49
2097
1075
2100
56
1086
63
2112
69
2118
71
2119
1103
1105
82
2130
2131
2134
88
2136
89
94
2142
2144
97
2146
100
1126
2150
104
2156
1135
112
1137
2164
2168
1145
2169
2171
1149
1150
1151
1152
130
131
2180
1160
140
1165
2189
142
144
1169
2193
148
1176
154
1180
157
159
162
1186
1188
165
166
1190
2217
1195
172
1196
1203
1205
2231
184
2234
189
1213
2239
194
2243
1225
204
1228
206
2255
208
1233
2259
215
2264
1241
2267
1244
1248
1250
2276
1253
1256
2282
1259
1260
2286
241
2294
1271
248
1272
2297
253
1279
1280
2304
257
263
267
1291
1292
2316
2317
270
1294
2319
272
1296
274
1301
2327
283
2332
2334
1312
289
293
2341
1319
2343
1322
2346
2347
304
1333
2358
2362
316
319
1344
2368
1345
2369
1346
2371
1349
2375
335
1359
2384
1366
1370
2394
1371
2396
353
355
1379
356
358
1382
2407
369
2417
2418
1395
2419
372
375
2423
2424
1402
381
2429
2432
1410
2435
390
2438
1416
2441
2443
1421
2446
1425
1426
404
409
412
1436
419
423
429
1453
1454
1455
433
1458
1464
1465
1466
1467
445
447
1472
1473
450
453
456
458
460
468
1493
471
472
1496
1498
480
481
496
1522
503
1528
505
1529
506
1531
1532
1534
1537
518
523
1552
1554
1555
1560
538
1564
543
544
1568
1571
548
1574
558
559
1583
561
1586
1599
1606
1611
597
601
606
612
1637
1638
1643
625
628
1652
1653
1657
1664
1665
642
1668
1670
1673
1676
658
1685
663
666
667
668
1692
672
674
679
681
1706
1710
1716
1720
697
703
704
1731
713
1738
1741
1742
1744
721
728
733
1759
741
742
743
1771
1773
751
1781
1784
763
766
770
1798
775
1799
777
782
1807
784
785
1814
794
1818
795
796
801
1827
804
1829
806
808
1843
1845
1850
1851
1855
1856
836
1864
842
1877
858
864
1891
869
871
1899
876
1902
1904
1906
883
1910
1913
890
1915
1917
896
907
911
1940
1944
1950
1955
932
934
1960
1965
943
1970
1974
1976
1977
961
963
965
1989
1992
1993
1996
975
976
980
2012
2014
993
2022
1003
1004
1005
2033
1013
1021
2045
2047
18
96
97
34
66
98
69
101
8
138
107
48
112
18
19
86
122
59
125
