684
9216
6144
10246
6151
3079
8201
1033
8202
3083
6155
5132
14
6158
9231
19
9235
4116
10261
3093
8213
1046
7192
6171
8220
7197
3101
7198
3104
10273
33
3106
4131
36
37
2087
7211
1070
5169
6194
50
10291
4147
5172
9269
4151
2103
4153
10297
8254
1086
3136
10305
1089
6213
2118
7238
1096
9289
1099
8268
9294
3152
4178
9299
6227
4181
10326
10328
1114
9307
1115
6237
2141
7262
6238
1120
4193
8290
9315
7268
6244
1124
9317
7271
2152
9322
5230
7278
7279
6256
5236
6262
6264
1145
122
3198
1150
1152
2176
9347
2180
6277
2182
137
1161
3216
144
1169
5267
4244
149
7318
2200
1187
6308
9380
2213
167
168
7339
4267
5292
1198
6318
5297
177
3249
9394
1203
7347
2227
9396
1208
1212
8381
3261
9407
3266
2248
2251
3277
4301
6352
3281
5329
3283
6359
4312
1241
4319
223
2276
6377
9449
7401
3310
4338
6388
2292
2294
250
9467
8443
8444
3329
9474
5380
2309
6409
7434
7439
9491
5396
4373
6421
9493
3349
3351
9497
8473
5403
1308
4382
5408
4384
1313
3362
3363
7461
5413
7462
294
6438
295
9512
5420
8493
3373
5423
6449
1332
2358
310
1338
6461
2366
9534
4415
2368
6466
2370
2372
3397
5447
331
332
2385
8530
8532
7509
2391
1369
5467
9565
1373
3421
7517
9569
1377
9570
2403
5475
356
7524
2405
2406
4455
9575
360
2411
8560
4465
1394
5491
7540
6517
9589
373
8567
5496
379
8572
5502
2432
1409
9601
6531
5508
6533
4486
393
7564
8589
5518
3472
5521
1426
402
7572
9621
3479
7578
1434
8603
3487
4513
3489
4515
1444
7589
6566
2472
424
1449
426
7595
5549
1456
7600
3507
435
8630
7607
5562
444
4540
5571
5573
1481
457
9678
8655
8666
4571
1501
2528
9697
481
1507
5604
3559
487
5608
3561
9707
5616
3568
5617
8691
8693
3574
8697
7678
6654
3585
3586
1538
514
5638
6662
1545
522
5643
4620
4622
6670
8722
5650
4627
4628
2580
7702
8727
536
539
7707
9758
1569
9762
548
9765
3622
2598
9767
9769
9771
7724
8749
9773
2605
559
7728
3637
2615
2616
6717
6718
7742
2625
1606
6727
7752
5705
3657
9802
6730
9803
4683
9804
7758
4687
1616
6737
8786
9810
595
7764
1621
2645
8792
9818
6747
1629
6749
6752
2657
2662
614
8807
7788
5740
9839
3696
4720
1652
8827
6779
4733
6782
6783
2687
8832
3713
8833
1665
4739
9863
6791
648
4744
9867
7819
2699
9869
5774
1678
1679
8847
2703
6799
1682
5779
8853
1686
1689
9881
8858
4763
2716
6812
1695
7839
671
3747
4773
2725
677
3749
5799
9898
1707
683
8880
3760
690
691
2739
5812
7861
6838
4792
3769
1721
4793
1723
3774
7876
3780
2757
5832
7881
714
8908
719
9935
4816
7888
720
6865
4817
3795
2775
8922
1756
4831
4832
5860
741
1765
4838
9962
5869
6894
8945
3825
7922
1778
1779
1781
4855
1784
762
5882
5884
764
8962
773
1797
774
7943
2825
7945
5899
4876
3855
786
7957
5909
4886
1815
7961
6938
3871
7967
4895
10016
2848
8993
7970
4898
10019
4900
8999
2857
1833
5930
9002
6955
5932
9006
2864
7986
3891
9013
4917
2870
5942
1848
826
4922
2875
7996
10047
3903
5953
834
10050
3906
6980
1860
3908
4934
3911
8008
3912
6988
1868
3917
9037
9038
4943
4945
5971
2902
6999
3927
10074
2911
8034
2915
7012
868
5989
8037
2917
8038
9063
871
872
1898
3948
10093
5999
881
3953
2930
1907
7028
9077
2934
8057
4985
3962
3963
10107
6012
10110
9086
9089
10114
1924
10117
7045
2950
8071
10121
2954
2956
8082
6035
5025
9122
10146
933
9129
10156
6062
5040
10161
9140
10164
1972
948
5046
4025
6075
7100
9149
1982
3007
1983
3009
6082
9154
5060
6086
1991
1992
1996
973
5074
2006
10198
10199
2010
8155
988
2013
989
6111
10208
8163
2019
996
8165
999
9192
2024
2026
10220
7148
5102
5104
1009
7153
1010
6132
7158
6137
7164
5117
6142
3071
2047
184
0
1
2
3
4
5
6
7
8
9
10
11
12
13
14
15
16
17
18
19
20
21
22
23
24
25
26
27
28
29
30
31
32
33
34
35
36
37
38
39
40
41
42
43
44
45
46
47
48
49
50
51
52
53
54
55
56
57
58
59
60
61
62
63
64
65
66
67
68
69
70
71
72
73
74
75
76
77
78
79
80
81
82
83
84
85
86
87
88
89
90
91
92
93
94
95
96
97
98
99
100
101
102
103
104
105
106
107
108
109
110
111
112
113
114
115
116
117
118
119
120
121
122
123
124
125
126
127
128
129
130
131
132
133
134
135
136
137
138
139
140
141
142
143
144
145
146
147
148
149
150
151
152
153
154
155
156
157
158
159
160
161
162
163
164
165
166
167
168
169
170
171
172
173
174
175
176
177
178
179
180
181
182
183
