484
2048
1024
2
1028
2054
1031
10
1034
2059
1035
1038
15
1039
1041
18
1042
2067
1043
1044
24
25
2073
26
2076
28
1052
1054
2078
1055
32
2081
38
39
2092
45
1070
46
2097
50
53
1077
2102
2110
1088
67
2117
1094
1095
72
1098
2124
1100
77
78
1102
2127
1105
2132
85
93
94
1120
96
2145
99
2149
2151
1127
1128
1129
2154
2157
110
2159
2160
1136
2162
1141
119
120
121
130
2178
1155
2186
140
1165
142
2190
1171
1173
150
1174
2199
2200
154
1179
2203
155
157
2206
1183
159
2208
163
164
2214
167
169
2219
173
1198
2223
2224
176
1200
178
182
2231
186
187
2236
1214
191
2239
192
193
1217
2244
197
2245
198
2250
2251
2252
1228
1229
1232
209
1236
216
1240
1244
221
1245
1246
223
1251
1255
1261
247
249
252
257
259
1284
1286
262
263
1288
1293
271
272
279
1307
1310
287
291
295
298
1326
302
304
1339
315
1341
1342
1344
1345
1350
327
328
1357
1360
338
1365
341
342
345
347
1371
1377
1381
360
361
1388
365
1391
372
1397
1398
376
1406
1407
385
1409
390
391
1420
1421
1423
405
1429
409
1434
414
420
421
422
1448
425
1450
1459
435
1461
1464
1466
1471
451
1478
1482
1483
463
1491
470
472
1497
1500
1502
481
1507
492
1518
499
1524
1525
507
1532
1535
512
517
1541
525
526
1552
529
532
534
535
537
542
1571
1572
548
1577
1582
560
1586
564
1594
571
575
578
1603
1605
582
584
585
587
590
593
598
599
1623
601
1626
602
1628
606
1634
1635
615
1640
1641
618
1644
623
1649
627
1652
629
631
1656
1657
634
1661
637
639
1665
1667
644
1668
1669
646
1670
1674
654
656
657
1684
660
662
672
1698
676
1703
1704
680
682
683
686
688
689
690
1714
694
1722
1726
702
706
1733
711
1740
1741
718
721
723
726
1751
1762
738
740
743
745
1769
1773
1774
750
753
757
1782
758
760
765
766
768
1794
1795
771
772
1799
776
1800
1803
780
1806
1813
1814
792
1816
1820
798
1823
1824
1828
1829
1830
1831
1836
812
816
1840
1841
820
822
1849
826
827
1853
832
1856
833
1858
836
837
839
1864
1866
846
849
850
852
1879
855
1881
861
866
867
1891
1894
1897
873
1898
1900
1901
880
1909
1911
1913
897
1925
1926
903
1928
1934
1937
1939
1945
1946
1948
925
1954
1955
933
934
1965
947
948
951
1980
957
1982
958
1983
1984
1986
1987
963
966
1994
973
1998
980
2004
982
2008
985
2011
990
993
2019
998
1000
2025
2026
2027
2029
1005
1007
2032
1010
1014
1017
2044
134
0
1
2
3
4
5
6
7
8
9
10
11
12
13
14
15
16
17
18
19
20
21
22
23
24
25
26
27
28
29
30
31
32
33
34
35
36
37
38
39
40
41
42
43
44
45
46
47
48
49
50
51
52
53
54
55
56
57
58
59
60
61
62
63
64
65
66
67
68
69
70
71
72
73
74
75
76
77
78
79
80
81
82
83
84
85
86
87
88
89
90
91
92
93
94
95
96
97
98
99
100
101
102
103
104
105
106
107
108
109
110
111
112
113
114
115
116
117
118
119
120
121
122
123
124
125
126
127
128
129
130
131
132
133
