3053
4096
0
8192
1
8193
4097
8194
2
3
8197
8199
4104
8201
4106
11
4108
12
8206
14
4110
4111
15
8208
17
8212
8214
8217
4122
8219
29
8222
8224
32
4128
33
8225
34
35
4133
38
39
41
4137
8235
43
8236
4140
8237
4142
8240
4145
8241
50
51
4147
8244
4149
55
4152
8248
57
8249
4153
58
8250
59
8251
4156
4160
8258
8262
4168
73
4169
8266
8267
4171
4172
4176
84
8276
4181
8278
4183
8280
89
4186
90
93
8286
95
96
4192
4193
8292
102
4198
4201
8297
105
4202
107
8299
109
110
111
113
4209
114
8306
4211
8308
119
4216
120
4217
4218
124
4220
8318
4224
8322
131
132
4230
135
4232
4233
138
8330
4235
139
4238
142
143
4239
8335
4240
4242
147
149
8341
4248
154
4252
156
157
8353
4258
164
4262
8361
8362
8363
4268
4269
8366
174
8367
175
4271
177
4274
8373
4278
182
4280
187
4285
190
191
192
4293
199
4295
4296
4299
204
205
4302
4304
4305
4306
210
211
212
213
4311
215
216
217
218
4315
219
220
4316
221
222
225
4322
4323
230
4326
231
4327
4328
235
237
4334
240
4337
242
4339
4340
244
4343
4344
4346
253
255
256
4357
4359
4363
4364
4365
4366
271
274
4371
4372
276
4373
4375
4378
4379
4380
4382
4383
287
4385
289
4386
291
4387
292
294
295
296
297
298
299
4396
301
4397
302
4399
4400
304
309
4407
314
4410
4411
316
322
323
4420
325
4424
328
4425
329
4427
4428
332
4429
334
4430
4431
4433
337
338
339
340
4439
344
4440
345
4442
4443
4444
348
349
4446
4448
353
4450
356
4453
358
4455
361
362
363
368
4465
371
4469
4472
376
377
4474
379
380
4476
381
4477
384
4481
385
386
4483
4484
389
4485
4486
390
4487
4489
393
4492
397
399
4497
4499
404
4501
405
406
4504
4505
412
4510
4513
4514
4517
421
4518
4519
4520
4523
4524
4525
431
433
4530
4532
4533
438
4534
4536
440
441
4538
4539
443
444
447
4544
4545
4549
453
454
456
458
4556
461
462
4559
463
464
4563
467
4564
469
4566
471
4567
4568
474
4572
477
4574
4575
4576
4578
483
4580
486
488
489
490
4590
494
4591
495
496
4592
4593
498
4595
500
4596
4598
504
4602
4603
507
4605
509
511
4607
4608
513
4611
4612
516
4613
4615
4617
522
524
4621
527
4625
529
530
4626
533
4630
534
535
538
539
4636
540
543
4639
4642
4644
4645
4648
553
4652
558
561
562
563
4660
566
568
4666
4668
4670
575
4672
4674
581
583
585
4683
587
589
4686
591
4688
592
593
594
596
4692
4693
599
4695
4699
604
4703
607
608
609
4706
610
617
4714
619
4716
4718
623
625
4722
4723
629
4726
4727
631
632
4728
4730
634
4732
4733
639
4737
4738
4739
644
4740
4742
4743
648
4746
651
4750
657
4753
658
663
665
666
4762
4763
4764
670
671
672
673
675
4772
677
4774
4777
4779
688
4784
689
692
693
4790
695
697
4793
699
4795
4797
4799
704
4803
4806
4808
4809
713
4810
717
4814
719
4817
721
725
4823
4824
4827
4828
732
4831
4833
737
741
4838
745
746
4843
747
4845
750
4847
751
4849
4850
757
765
766
767
768
4865
4866
770
4867
771
4868
773
774
4872
4874
778
784
785
4882
787
4884
789
4885
791
795
4891
796
4892
4893
797
798
800
4896
802
4900
804
4901
806
4903
807
808
810
4908
817
4915
823
824
4920
826
4922
4923
4927
832
833
4929
836
837
4934
839
4936
841
4937
842
4940
4942
846
850
854
4952
4953
4955
4958
4959
864
4960
866
4962
867
4963
868
4964
869
4969
874
875
4971
4972
877
4973
878
4976
881
4979
884
885
886
4984
4985
4987
4988
894
895
896
4992
899
4995
4996
902
4998
5000
905
910
911
5008
5010
5011
918
920
5017
921
5018
5019
5020
925
5021
5023
930
5030
5033
938
939
5035
945
5041
5042
948
5045
950
951
5047
5048
5050
956
5056
962
964
5060
5062
967
5063
5064
969
970
971
5067
972
973
5070
5071
976
977
5073
978
5074
5075
979
5076
983
5082
5084
5086
993
5092
997
998
999
5095
1000
5096
5098
1003
1004
1006
5103
1007
1009
5106
5107
5108
1013
5110
5111
5113
5115
5116
5117
1023
5119
1024
5121
5124
5125
5127
1031
1033
1034
5132
1037
1039
5135
1040
5137
1042
5138
1043
1044
5142
5143
1048
5144
1049
1051
5148
1053
1054
1056
5152
5153
1060
5157
1061
5159
1064
1066
5162
5163
5164
5165
1072
1073
5172
1077
1079
1080
5177
5178
1083
1084
5181
1090
5188
1092
1093
5190
1095
5191
5192
1096
1098
1100
1101
1102
5200
5203
5205
5206
5207
5211
1117
1119
5216
5219
1126
5223
5224
1128
1129
5226
1130
1131
1132
5230
1136
5234
5235
1142
1143
5241
1147
5244
1148
5247
1151
5248
1152
5252
1157
5254
5257
5259
5260
1165
1168
5265
1170
5266
5267
1171
1172
1173
1174
5271
1175
1176
5272
1177
5273
5276
1180
1181
1182
5278
5281
5282
5283
5284
5285
5286
1190
5287
1192
1194
1195
1197
1199
5296
1200
1201
1202
5302
1207
1208
1209
1212
5311
1216
5313
1218
5314
1219
1220
1222
1223
5319
5321
5322
1228
1229
1230
1231
5327
1235
5331
5332
5333
1239
5336
5337
5341
1246
5343
1248
1251
1254
5350
5351
5355
5356
5357
5360
1265
1266
5362
5364
1270
5366
1272
5368
5371
1278
1280
5377
5382
1287
1288
5385
5386
1290
1292
5388
5389
1294
1295
5391
5392
1297
5394
1298
1300
5399
1303
5400
1307
5404
1308
1309
1310
5406
5409
1315
1316
1322
5419
1323
1324
1325
1326
1327
1328
5425
1331
1332
1333
1334
5430
5431
5432
1336
1338
1340
5437
1342
1343
5440
1344
5442
5444
1348
5446
1352
1354
1355
5452
1356
5453
1358
1361
1362
5460
1364
1365
1367
1368
1370
1371
5468
1373
1374
1375
5472
1377
5474
1379
1380
5477
5482
5483
5484
1389
5489
1393
5491
1396
5493
5494
1398
5495
5497
1403
5500
5504
5506
1412
5511
1417
1418
5514
1419
1420
5516
1421
5518
5519
1424
5521
5522
1427
1430
1436
5533
1437
1439
5535
5538
1444
1449
5545
1450
5546
1451
1453
5549
1455
5551
5554
5555
1461
5559
1463
1466
5563
5564
1470
1471
1472
1474
1475
5572
1478
5574
5575
5576
5577
1482
1483
1484
1490
5586
5589
1494
5591
1496
5592
5594
1498
5595
1501
5597
5599
1505
1506
5603
5607
5609
1513
1514
5611
5612
5615
5616
1522
1531
5629
1534
5631
1536
5633
5634
1538
5635
1542
5640
1544
1545
5641
1546
5642
1547
1548
5645
5647
5648
1554
1555
5653
1558
1559
5658
1562
5659
1563
5660
1564
1566
5662
5664
5667
1571
5668
1573
5672
5674
1579
5679
5685
5686
1590
5687
1592
1597
5695
1606
5703
5704
5705
1610
1611
5707
5708
1613
5710
5711
1616
1617
5713
1619
1620
1623
1625
5723
5727
1633
1635
1636
5734
1639
5737
5738
1643
1645
1646
1647
5744
5745
1649
1650
5746
5747
1651
5748
1653
5749
1655
5751
1656
1658
5754
5755
1661
5759
1663
5760
5761
1666
1668
1669
5765
1671
5768
5772
1676
5774
5775
1680
1684
5780
5781
1685
5783
5786
5787
5789
5790
5791
5793
5796
1701
1703
1705
1706
1707
5805
1710
5807
1711
5808
5809
5810
5813
1718
5815
1725
1726
5822
1727
1729
5825
5826
1731
1732
5830
1737
1739
1740
5837
1742
5839
5843
1747
5844
5845
1750
5851
1757
5855
5858
5859
1764
1767
5864
1769
5866
1770
1771
5867
5868
1773
5869
1774
1777
5873
5874
5875
1781
5877
1782
5878
5880
1784
1786
5883
5884
1788
5886
1791
1792
5889
1794
1795
1796
1798
1801
1802
1805
1806
5905
1811
5908
5909
1814
1815
5912
5913
5915
5916
5917
1825
5922
1829
5925
1830
1831
5931
1836
5932
5933
1837
5936
1840
1842
1843
1845
5941
5943
1849
1851
5949
1854
1855
5952
5953
1860
5957
1862
5960
1864
1866
5962
5963
1867
1870
1874
5970
5971
1876
5972
1880
5976
1881
5977
1882
5979
5983
1887
5984
5987
5989
1894
1898
5995
1900
5996
5997
1902
5998
5999
1906
1907
6003
6004
1910
6007
1913
6010
1916
6017
6019
1925
6022
1926
6026
1930
1931
6027
1932
6028
1933
1935
1937
1941
6037
6038
1944
6042
1947
6044
1948
1949
1951
6047
6049
1953
6050
6053
6054
6055
6056
6057
1961
1962
6058
6060
6062
1966
6063
6065
1970
6071
1975
6072
6073
1977
1978
6078
1982
1983
6080
6082
1987
6085
6086
1990
6087
1991
6089
1995
6093
1997
1999
6095
6098
6100
2005
2010
6106
2016
2017
2018
2022
6120
2025
2027
6123
6125
6126
2030
6128
2033
6129
6133
2037
2039
2041
6142
6145
2049
6146
2051
2054
6151
6154
6156
2060
6157
2063
6161
6162
2068
2069
6165
2070
2071
6171
2075
6172
2080
2081
2082
6179
6181
2086
6183
2087
6186
2090
6187
6188
6190
2094
2095
6193
6194
6196
2100
6198
2104
6201
6202
2110
2111
6209
6210
2114
6212
2117
6213
6214
2118
2119
2120
6217
2123
6219
6221
6223
2128
2131
2133
6230
2134
6231
2137
6233
2138
6234
6235
6238
2144
2145
6242
2150
6247
6248
2153
2154
6252
2156
2157
6254
2158
6255
6256
2162
6258
6259
2164
6260
6261
2166
6263
2168
6265
2170
6269
2173
6271
6272
6274
2179
6275
2180
6277
6278
2183
2184
2185
6281
2186
2188
6287
2191
2192
6288
6289
6290
2194
2195
6294
6296
2203
6300
6301
2205
6302
2206
2207
6304
2209
6305
6306
2211
6307
6308
2213
6315
6317
2224
2225
2228
2229
6326
6327
2232
2233
6330
2235
2237
2238
6335
2239
6337
2242
6341
6342
2246
6343
6344
2253
6349
2254
6351
2257
2258
6356
2262
2263
6360
6361
2265
2268
6366
2270
6367
6368
2272
2274
6372
6373
2278
2279
6378
2284
6381
2285
2286
6383
2287
2290
6386
2292
2293
2294
2295
2296
6393
2297
6395
2300
2301
6398
2302
6399
6401
6402
2306
2307
2310
6406
6408
2312
6409
2315
2317
6414
2319
6417
2321
2322
6418
6419
2323
2324
2325
2326
6423
2327
2329
6425
2330
6428
2334
2336
2337
6434
6435
6436
6439
2345
6441
6442
2347
6444
2348
6445
6447
2351
2353
2354
2355
6451
6452
6453
6456
6462
6463
6465
2370
6467
2371
2372
2373
6469
6470
6471
2378
6476
6477
2382
6479
2384
6481
2389
6486
2391
6488
2392
6489
2395
6492
6493
2398
6494
6496
6498
6499
2404
2408
2409
2412
2416
2417
6514
6515
2421
6518
2422
2426
6522
2427
6524
6527
2431
2432
6528
2435
2436
2438
2440
2441
6538
6540
2445
6542
2449
6548
2452
2454
2456
6552
2458
6555
2463
6559
6560
2466
6563
2468
6565
2469
2470
6567
6569
2476
2479
6575
6577
2482
6579
2485
2486
6582
6585
6586
2491
2492
6589
2493
6590
6591
2496
6592
2500
6598
6599
2503
2505
2507
6603
2508
6605
6606
2512
6608
6610
2515
2517
6615
6618
2524
6621
2526
6622
6623
6625
2530
2531
2532
6628
6629
2535
6633
2538
6637
2545
6641
6644
2548
6646
2551
6647
6648
2552
6649
2554
2556
6652
6653
6655
2562
2564
6661
6662
2569
6668
2574
2578
2579
2581
6678
6682
6686
6688
2593
6689
2595
2596
6692
2600
2601
6697
2603
2604
6705
6708
2615
6712
2617
6713
6714
2622
6718
2624
2626
6724
2629
6726
6727
2633
6730
2636
6733
6737
2641
2642
2644
2645
6744
6745
6746
2652
6749
6750
6751
2655
6752
2656
6756
2662
6760
6761
2666
6762
6763
2668
2669
2670
6766
2671
6768
6770
6771
2675
6772
2676
2677
6774
6778
2682
2683
6779
2685
6782
6783
6786
2690
6787
2691
6788
2693
6790
2695
6791
2697
6793
6794
6795
2702
2703
2704
2705
2706
6803
2707
6805
2710
6810
2717
6817
6818
2723
6820
6821
2726
2729
6828
6830
2734
6831
6832
2736
6833
2738
6835
2739
2740
2742
6839
2744
6841
2747
6844
6846
2751
6848
2752
2754
6852
6853
6854
6856
2760
6858
6859
6861
2766
6862
2768
2772
6869
2774
6872
6873
2777
6875
6876
6877
2783
6879
6880
6881
6882
2790
2791
6887
2792
2794
2796
6892
6893
6894
2798
6895
2800
2802
6898
2803
6899
6900
6901
6903
6905
6906
6907
2815
6911
2816
2817
2818
6915
2821
6918
2822
6919
6920
2826
2827
2829
6926
6928
6930
2835
6932
2837
2839
2843
6940
2845
2847
2848
6945
6948
6949
2853
6950
2857
2859
2861
2862
2863
6960
2866
6963
2867
6964
2868
2869
6967
2874
2876
6973
2877
2878
6975
2879
2880
2882
6979
2884
6981
2886
2887
6983
6985
2889
6986
2890
2892
6989
6992
2901
2902
7000
2904
7001
7006
7007
7008
7009
2914
7012
2917
7016
2920
7018
2923
7021
7022
2926
2929
7025
7027
2935
7034
2939
7038
2942
7039
2945
7041
2949
2952
2954
7052
2959
7059
2963
7060
7062
2966
2970
7067
7070
2974
2975
7071
7072
7073
2979
2981
2982
2983
7080
2985
7084
7086
2990
2991
2992
7088
2993
2994
7091
2996
7093
2997
2998
7094
2999
7097
7101
3005
3007
7103
3013
7110
3014
3016
7117
3022
7119
7120
3024
7123
3034
7131
3036
3037
7133
7134
7135
7136
3040
3041
7140
3046
7143
3049
7145
7148
7152
3057
7154
3060
7157
7160
7161
3065
7162
3068
7164
7166
3070
3071
7170
3075
7171
3076
3078
3079
3080
7176
7177
7180
3085
7183
3087
7185
7186
3091
7187
7188
3092
7190
7191
3096
7192
3097
7193
7195
3099
3100
7196
7197
3101
7198
3102
7199
3103
3107
7205
3109
3110
3111
7209
7210
3115
3118
7216
3120
3123
3124
7220
3125
3128
3130
7226
3131
3132
3134
7231
7232
3137
7234
3139
3140
7236
7238
7239
3144
3147
7244
3148
7249
3155
3156
7255
3160
7259
3166
7262
7263
7268
3175
3178
3179
7275
7276
3183
3185
3186
3189
7286
3192
7289
3194
3197
3198
3201
7297
3204
3205
7301
3206
3208
7305
3210
7306
7307
3211
3212
3214
7310
3215
7312
3217
3219
3220
7318
3222
7321
7322
3227
7323
7324
7325
7326
3232
3234
3236
7332
7333
3237
7336
7337
3245
7341
7344
3248
7345
7346
3250
3251
7348
3254
3255
3257
3259
7356
3262
3263
7359
3264
3266
3268
3270
3271
7367
7368
3272
7369
3274
3275
7373
7375
3279
7376
3280
3282
3284
3285
7383
3287
7385
7386
7387
7390
3296
7393
7394
7395
7397
7398
7399
7400
3306
7404
3308
3309
7406
7408
7410
3315
3316
7413
3317
3318
7414
3322
3323
3324
3327
3329
7426
7429
7432
3337
7434
7436
3340
3343
3344
3345
7441
3346
7443
3347
3348
3349
7446
3354
3356
7452
7453
7455
3359
3361
3362
3363
7459
7460
3365
7462
3366
7463
3371
7468
7469
7470
3374
7471
3377
7474
7475
3381
7479
3384
7480
7482
3389
7485
7486
3390
3392
3393
7493
7495
3399
3401
7499
3403
7500
3405
7503
7506
7507
3411
3412
7509
3413
7510
7515
3420
7517
3422
3423
7520
7521
3425
7522
3427
7524
3432
3433
7530
3437
3439
7535
7536
7537
7538
3443
3444
3447
7543
7544
7545
3449
7546
7547
7548
7549
3455
3459
3461
7558
3463
7564
3468
3472
3473
7570
3475
7571
3476
3477
3478
7575
3480
3481
3482
3483
3484
7580
7582
3487
7585
7587
3492
3493
3494
7590
3496
7593
3498
7594
7595
3501
3503
7600
3504
7601
3505
3506
7602
7603
3507
3508
7608
3512
7609
3516
3519
7617
3522
7619
3524
7620
7622
7623
3527
3529
3533
7629
7631
3536
7634
7636
3543
7639
7640
7641
3545
3546
7644
3553
3557
7657
3561
7658
3562
7659
3564
3566
3567
7663
7664
7665
3570
7667
3572
3574
3580
7676
3581
7678
7679
3589
3591
7691
7694
3599
3601
3602
7699
3603
7701
7702
7703
7706
7710
7713
7715
7716
3621
3622
7720
3625
7721
3626
3627
7723
3632
7732
3636
7733
7736
3640
3641
7739
7740
3644
3645
7741
7742
7744
3649
7745
3650
7746
7748
7749
7752
3656
7753
7754
3659
3662
7759
3663
7760
3664
3665
7763
3667
3668
7764
3669
7766
3671
7769
3677
7774
7775
7776
3682
3683
3685
7781
7783
3687
7784
3688
7785
7786
3695
7791
7795
3699
7796
3700
3703
3706
7802
3707
7803
7804
3712
3713
7809
3716
3717
3718
7814
7815
3720
3723
7819
7821
7822
3728
7824
7825
3729
7828
7829
3736
7832
7833
7835
3741
3742
7839
7840
7843
3747
3748
7845
7847
7848
3752
7849
7851
3756
7855
3759
3760
7857
3761
7858
3771
7869
3774
7870
7871
3775
7872
7874
7875
3779
3780
7876
3783
7879
7880
3785
3787
7886
3791
3792
3794
7891
3795
3796
3797
7894
7895
3801
7897
7898
7899
3803
3804
3807
7904
3808
7905
7906
7907
7908
7910
7912
7913
3817
7915
3819
3822
7919
3823
7920
7921
3830
7926
3833
7932
3837
3839
3840
7937
3847
3848
7944
3849
7945
7946
3851
7947
3852
3853
7950
7951
7953
3858
7958
3863
3866
7963
3868
3871
3872
7968
7969
3874
7970
3876
3877
7975
3880
3882
7980
7982
3886
3888
3889
3891
3893
7992
7993
3899
7996
3901
3906
8003
8004
3908
3909
3913
8009
3915
8012
8013
3920
3921
3924
8022
3930
8026
8028
3932
3933
3934
3935
3937
3938
8034
3939
8035
8037
3943
3944
3945
8043
8047
8050
8051
8053
8056
3961
8058
8059
3964
8067
3971
3975
8072
8073
8074
8075
8077
3984
3985
8083
3989
3990
3991
3992
8094
8096
8097
4002
4004
8100
4005
4006
4008
8106
4010
4011
8108
8109
8110
4014
4015
8112
8116
4024
8120
4027
8125
4029
8127
8129
4035
8131
8132
4037
4038
8134
4040
4041
4042
8140
4044
4045
4046
8143
4049
4050
8147
8151
4064
8161
4068
8166
4073
4074
8171
8172
8173
8174
8175
4080
4081
4082
8178
4083
8181
4087
4088
8185
8188
4092
8189
4093
4094
413
0
1
2
3
4
5
6
7
8
9
10
11
12
13
14
15
16
17
18
19
20
21
22
23
24
25
26
27
28
29
30
31
32
33
34
35
36
37
38
39
40
41
42
43
44
45
46
47
48
49
50
51
52
53
54
55
56
57
58
59
60
61
62
63
64
65
66
67
68
69
70
71
72
73
74
75
76
77
78
79
80
81
82
83
84
85
86
87
88
89
90
91
92
93
94
95
96
97
98
99
100
101
102
103
104
105
106
107
108
109
110
111
112
113
114
115
116
117
118
119
120
121
122
123
124
125
126
127
128
129
130
131
132
133
134
135
136
137
138
139
140
141
142
143
144
145
146
147
148
149
150
151
152
153
154
155
156
157
158
159
160
161
162
163
164
165
166
167
168
169
170
171
172
173
174
175
176
177
178
179
180
181
182
183
184
185
186
187
188
189
190
191
192
193
194
195
196
197
198
199
200
201
202
203
204
205
206
207
208
209
210
211
212
213
214
215
216
217
218
219
220
221
222
223
224
225
226
227
228
229
230
231
232
233
234
235
236
237
238
239
240
241
242
243
244
245
246
247
248
249
250
251
252
253
254
255
256
257
258
259
260
261
262
263
264
265
266
267
268
269
270
271
272
273
274
275
276
277
278
279
280
281
282
283
284
285
286
287
288
289
290
291
292
293
294
295
296
297
298
299
300
301
302
303
304
305
306
307
308
309
310
311
312
313
314
315
316
317
318
319
320
321
322
323
324
325
326
327
328
329
330
331
332
333
334
335
336
337
338
339
340
341
342
343
344
345
346
347
348
349
350
351
352
353
354
355
356
357
358
359
360
361
362
363
364
365
366
367
368
369
370
371
372
373
374
375
376
377
378
379
380
381
382
383
384
385
386
387
388
389
390
391
392
393
394
395
396
397
398
399
400
401
402
403
404
405
406
407
408
409
410
411
412
