129
768
1537
514
1282
1540
1293
13
2063
2064
1043
787
2070
535
1304
536
796
1565
2077
1824
545
1314
548
1318
1832
2090
1322
1581
560
49
306
1075
1843
565
1337
1084
63
65
2114
2117
74
330
843
331
1613
1618
850
1110
1627
1373
1891
611
1379
1898
1900
110
1903
111
2161
882
1394
2162
1653
374
1399
2168
637
127
1663
1409
899
1158
651
1423
1425
1169
1684
1940
1686
663
1687
151
152
921
1948
668
165
677
681
937
1196
1708
944
1715
1463
185
1981
446
959
448
961
963
451
1476
711
1991
1228
460
973
732
476
480
224
993
737
738
1766
745
1259
749
1261
750
1262
497
2034
504
1530
252
254
2047
168
0
1
2
3
4
5
6
7
8
9
10
11
12
13
14
15
16
17
18
19
20
21
22
23
24
25
26
27
28
29
30
31
32
33
34
35
36
37
38
39
40
41
42
43
44
45
46
47
48
49
50
51
52
53
54
55
56
57
58
59
60
61
62
63
64
65
66
67
68
69
70
71
72
73
74
75
76
77
78
79
80
81
82
83
84
85
86
87
88
89
90
91
92
93
94
95
96
97
98
99
100
101
102
103
104
105
106
107
108
109
110
111
112
113
114
115
116
117
118
119
120
121
122
123
124
125
126
127
128
129
130
131
132
133
134
135
136
137
138
139
140
141
142
143
144
145
146
147
148
149
150
151
152
153
154
155
156
157
158
159
160
161
162
163
164
165
166
167
