5161
0
8193
8194
3
8195
8196
8197
5
6
8199
8201
8202
10
8204
13
14
8206
8207
17
8210
8212
8213
21
8214
22
8215
8216
25
8220
28
8221
8222
8223
31
8227
36
39
40
8234
42
8235
43
8236
44
45
46
8238
8239
8240
8241
49
8242
51
8243
53
8246
57
58
8251
8252
62
63
8257
65
66
8258
8259
68
8261
8263
71
8264
72
8265
74
76
8269
77
78
8271
82
83
8276
8277
85
8279
8280
8281
8282
95
8287
96
97
98
100
8292
8294
8296
8297
106
108
109
110
112
114
8307
8308
8309
8311
8312
120
8314
8316
126
8319
8320
128
8322
131
132
133
8326
137
8329
8330
139
140
141
142
8334
8335
8336
145
146
8339
148
8342
152
153
8345
154
8348
157
8350
158
8351
160
8353
161
8355
164
8358
8359
8360
168
169
8361
170
8364
173
8365
174
8366
175
176
8368
177
8369
8371
179
180
8373
181
182
183
184
186
8380
188
193
194
8387
198
200
201
203
8395
8396
208
8400
8402
211
8404
212
213
8405
214
217
8409
8410
219
8411
8414
222
8415
224
8417
8418
227
228
8421
231
8423
233
8426
235
236
8430
8431
239
242
243
8435
8437
245
8438
247
248
253
8445
254
8447
8450
8451
8454
262
8455
264
8457
8458
267
269
8461
8462
272
274
8470
278
8474
8475
285
286
8478
287
8480
289
290
291
292
8485
8486
8487
297
8490
298
299
8492
8495
8497
307
8499
308
311
313
315
8507
316
8509
318
8513
322
8515
8517
325
326
8518
327
8520
328
330
331
333
335
8528
337
8531
339
8533
341
342
343
344
8538
346
347
349
351
352
8544
353
8548
8549
362
363
8558
8559
8560
368
369
8561
370
8564
372
373
8566
374
8567
376
8568
8569
379
8571
8572
380
8574
8575
8577
387
8579
8580
8582
390
8585
393
397
402
8595
8596
405
408
8604
8605
415
416
8609
8610
418
419
8612
420
8613
8614
8615
424
428
431
432
433
435
8628
437
438
440
8632
442
8635
444
8637
446
8639
449
8641
452
454
456
8648
458
460
8653
8654
8656
468
8660
470
471
8664
472
8666
476
8669
477
478
480
8674
482
484
8677
8678
486
488
8681
8682
491
8683
8684
8686
8687
497
8689
499
500
8692
8693
502
8694
503
8695
504
505
8698
506
8699
8700
8701
8702
8703
8704
513
8705
8706
515
517
8709
518
8711
519
8712
520
521
8713
8714
8715
523
525
526
527
528
529
8723
531
8725
8727
8728
536
540
541
543
544
8736
8738
546
547
550
8743
553
557
8751
559
8752
8753
562
563
8757
8758
567
8759
8762
8763
8764
573
8766
575
577
8770
8771
580
581
8776
8777
586
587
8779
589
8782
590
591
8784
8785
593
8786
594
595
8787
598
8790
599
8791
601
603
8796
605
8797
606
608
8801
610
8802
611
615
616
8808
617
8809
618
8813
8814
623
8816
625
8818
8821
629
630
631
8824
8825
635
636
8829
638
640
8833
643
8836
644
8837
649
650
652
653
8846
655
8848
8851
660
8852
8853
661
662
663
664
8856
8857
8859
668
8861
670
8862
8863
672
8865
673
8867
676
677
679
8872
681
8875
683
684
8878
688
690
8883
692
8884
693
8887
696
8889
8890
8892
701
8895
703
8896
705
706
8898
8900
8901
8904
713
715
8908
8909
717
718
8910
720
8912
8913
721
8914
723
726
8919
8920
8922
731
8923
732
8925
733
8927
737
8930
8931
8936
8938
748
749
8944
752
8945
8946
756
758
8951
8953
761
8954
762
764
8957
765
8958
766
769
770
8965
776
8969
778
8970
8972
8973
8974
784
8977
785
8978
786
788
8982
8983
792
8984
8985
795
797
8991
8993
801
803
804
8997
806
808
809
812
813
817
818
9010
819
822
823
825
9019
9020
9021
832
835
9027
837
9031
9032
9033
9034
842
844
9039
848
9041
850
851
853
854
9048
9052
9054
9055
863
9056
865
866
9059
869
9062
9063
872
873
9065
9067
9068
877
9069
878
9072
881
9073
9074
887
888
9081
9083
891
892
894
895
898
900
9092
901
902
9094
903
9095
9096
905
907
9100
9101
909
911
9103
9105
915
917
9109
918
9111
919
9113
922
923
9117
927
9120
928
929
931
9123
9124
937
9129
938
939
9131
9132
9133
9134
943
9135
9136
948
9140
9142
950
951
953
954
9148
9149
958
9152
960
963
964
9160
9161
9162
970
9163
9165
974
9168
976
9170
9171
9172
982
983
9175
9177
985
9179
9181
989
990
991
992
9184
995
996
9189
9191
999
9193
1002
9195
1004
9197
1006
1008
1012
1014
9207
1019
9211
9212
9214
1025
1026
9219
1028
1032
9224
1033
1035
1036
1041
1042
1043
9235
1044
1045
1046
9240
1049
9241
1051
9243
1053
1055
9248
1056
1057
9250
9251
1061
1062
1064
9256
1065
9257
1067
1070
9265
1073
9266
1075
1078
9274
9275
9277
9278
1086
1088
1090
1091
9286
1095
9288
1096
9289
9290
9291
1101
1103
9297
9298
1106
9299
9300
9301
1109
9303
1113
9305
1114
9306
9308
1116
9311
1119
1120
9313
1121
9314
1122
9315
1124
9317
1125
1126
9318
1127
9320
1128
9321
1129
9322
1130
1132
9324
1133
1134
1137
1138
9330
1139
9332
1141
1142
9334
9335
1143
9336
9337
1147
9340
9341
1149
1150
1152
1156
1159
9351
9352
1160
1161
9353
9354
1164
1166
1168
9360
9361
1170
1171
9365
9366
1174
1175
1177
9369
1179
9373
1183
9375
1186
1187
9379
1189
9382
1191
9383
1192
1193
1194
1197
9390
9392
9396
1205
9399
1208
1213
1214
9406
9409
1218
1220
9414
1226
1228
9420
9421
1229
1231
9426
9427
1235
9428
9429
1237
9430
1238
1239
9432
1241
1243
1244
9437
1245
9438
1252
9444
1253
9446
1255
9448
9449
1258
9451
1261
9453
9456
1264
1265
9457
9458
1268
1269
9461
9463
1272
1273
1274
1277
9470
9471
9473
9474
1286
9479
1288
9481
1290
1293
1297
1298
1299
1300
9493
1301
1302
9499
1308
1309
9501
9502
9504
1313
1314
1315
9509
1317
9511
9512
1323
9515
9516
9520
1328
1329
9521
9522
1332
1336
9530
9531
1341
1344
1346
1347
1348
9541
1349
1350
1352
9545
9548
9549
9550
1360
9552
9553
9555
9558
1366
1367
9559
1368
9561
1370
9563
9565
9568
1376
1379
9572
1380
1381
9573
9574
1383
1384
9576
1385
9577
9578
1388
9580
1389
1391
1393
1394
9587
1396
9588
1397
1398
1399
1400
1402
9595
9597
1406
9600
1408
1409
9604
9606
1414
9607
1416
9609
1417
1418
1419
1420
1421
1422
1423
9616
1424
9617
1426
1430
1432
9626
1436
9628
9629
1437
9630
9631
1440
9632
9633
9634
1443
9637
1446
9640
1448
9641
9643
9644
1453
1454
9647
1455
1458
9650
9651
1459
1460
9652
9655
9656
9657
9658
9659
1467
9660
9661
1470
1471
9665
9667
1475
1478
1481
9674
1482
9675
9676
1486
1487
1488
9682
9684
9686
1496
1497
1498
9691
1500
9695
1504
1505
1510
9703
9704
1513
9707
9708
1516
9709
1518
1519
1521
9713
9715
1524
9718
9721
9722
1531
9724
1533
9725
9727
1535
1537
1539
1541
9733
1543
9735
9736
1545
9737
9738
1547
9740
1549
1550
9743
9744
9745
9746
1554
9747
9748
1557
9750
1560
9752
1563
1564
1565
9759
1570
9762
9763
1571
9764
1574
9769
1578
9771
1580
1582
1583
9776
9779
1588
1589
9781
1591
9785
1593
1594
9786
1595
9789
9791
9794
1603
1605
9797
9798
1606
1608
1609
9805
1615
1616
1618
1622
9815
9818
1627
9821
1632
1633
9826
1636
9829
1637
1638
9832
1640
9836
9837
9839
1648
9841
9842
1651
9843
1655
9851
9853
9854
1663
9856
9857
1665
1666
9859
1670
1671
1673
9868
9869
9870
9872
1680
1681
1683
9876
1689
1690
1691
1692
9887
9888
1697
9890
9891
1699
1700
9893
9894
1704
1706
1707
9899
9900
9902
1712
9904
1713
9906
1715
9907
9909
9910
1719
9911
9914
1722
9915
9917
1726
9918
1729
1731
9923
9926
1736
9929
1737
1741
9933
9935
1744
1745
9937
1746
9938
1748
1749
1750
9942
9944
9945
1753
9946
1754
9948
1756
1757
1758
9951
1759
1760
1761
1762
9955
1763
9959
9961
1769
1772
1773
9967
1775
9968
1776
1777
1779
9971
1781
1782
9974
1783
9975
9976
1786
9978
9979
1787
1788
1790
9982
1791
1792
9985
1793
1794
9986
1795
9987
9989
1798
9991
1799
1800
1801
9994
9995
1804
9997
9998
9999
1807
10000
10001
10002
10005
10006
1814
1816
1817
10009
1819
10014
1824
10016
10017
10018
10019
1827
10023
1831
10024
10025
10026
10029
10031
1840
10032
1841
10037
1847
10039
10041
1850
1851
10043
1852
1854
10047
1855
1856
1858
10051
1860
10053
10054
1862
10055
10056
10057
10058
1867
10059
1869
10063
1872
10064
1874
10066
10068
1877
1879
1880
10073
1882
10075
1884
1885
1886
10080
1888
10081
10083
1892
1895
10087
1897
10092
10093
1904
1906
1907
10099
1909
1910
10104
1912
10105
1913
10106
1915
1917
1918
10110
10111
1920
1921
10114
1925
10118
1926
1927
1928
1930
1932
10125
10126
10127
1936
1937
1939
10133
1941
1942
10137
10138
1949
10141
1950
1951
1952
10144
1953
10146
1955
10148
10149
10150
10151
10153
1961
1962
1963
10156
10157
10158
1967
1968
10161
10165
1974
1975
10167
1979
1980
10173
1981
1982
1984
1985
10177
1986
10178
1987
10179
1988
1989
10181
1990
10182
1991
10184
10185
10187
1997
10190
2000
2001
10194
2002
10196
10197
2006
2008
2009
10202
2011
2013
10206
2015
2016
2018
10212
2021
10214
10215
10216
2025
10217
2026
2027
10220
10221
10223
2033
10226
10229
10230
10231
10232
2043
10235
2044
10236
10238
2046
10239
2048
10241
2051
2052
10249
2059
2061
10253
10255
10257
2065
2066
10259
2068
10260
10261
2070
10264
10265
2075
10267
2076
10270
10272
2080
2081
2082
10274
10275
10276
2084
10277
2085
10281
2090
10284
10285
2093
10287
10289
10294
2104
2106
10298
2107
10300
2109
2111
2112
10305
2114
10306
2115
10307
10308
2116
10311
10316
10318
10319
10323
10324
2133
2135
10328
2137
2138
2139
10332
2140
10333
2141
10334
10336
10337
10338
10339
2148
2151
2152
10344
2153
10346
2156
10351
2161
10353
10354
2162
2164
10357
10358
10359
10361
2169
2170
2172
2173
10366
2174
2175
2177
2178
2179
10371
10372
10374
2182
10375
2184
10376
10378
2187
2188
10380
10381
10384
2193
10386
2195
10387
10389
10391
2201
10393
2203
2205
2206
10401
10403
10405
2214
2216
10409
2217
10412
10417
2230
10424
2233
10426
2235
10435
10436
2245
2246
10439
2247
10440
10441
2252
10448
2256
2257
2260
10452
2261
10454
2263
2264
2266
2268
2269
2270
10463
2272
2273
10467
2276
10468
2279
2281
10475
2284
10477
2287
10479
2288
10480
2291
10484
2294
2296
2298
10491
2299
10492
2300
2304
10497
2306
2307
10501
10503
10505
2314
10511
10512
10513
10514
10515
2325
10521
2329
10523
10525
10526
2335
10528
2338
10531
2341
2343
10541
2350
10543
2353
2354
10547
2356
10548
2357
10549
10550
2360
10552
2363
10555
10556
2365
10557
2367
2370
10562
10568
2380
2383
2385
10579
10580
2389
10583
10586
10587
2395
2397
10593
2401
2402
10594
2403
2404
10599
10600
2409
2410
10602
2411
2412
2413
10605
10606
2414
10607
2415
10608
2416
2419
2423
10616
10618
10619
2428
10621
2430
2431
10623
2433
10625
10626
10629
10630
2438
10633
10634
2443
10638
2447
2448
10640
10641
10644
2452
2453
2455
2456
2457
2458
10651
10652
10653
10655
10656
2465
10657
10658
2467
10660
2470
2472
2473
10666
2475
10669
10670
10673
2483
2484
2486
10679
2487
10680
2489
2491
10683
10685
2496
10691
2500
2501
10695
10698
2506
2507
10700
2508
10701
2510
10702
10704
2513
2514
10706
2515
10707
2516
10708
2517
2519
10711
2520
10712
2523
10715
10719
2528
2529
2531
10723
2532
10725
2533
2536
10729
10732
2540
10733
10734
10735
10736
2544
2546
2547
10739
10740
2549
2550
10743
10744
10745
2554
10748
10749
10750
10751
2560
10753
10754
2563
10755
2564
10756
2565
10759
10760
2568
10761
10763
10764
2572
2573
10765
2574
2575
10768
10769
2579
10772
2580
10774
10776
10777
2585
2586
10779
10780
2588
2589
10782
2590
10784
2595
2596
10788
10789
2599
2600
10792
10793
2604
10797
10798
2607
2608
10801
2609
2610
10803
10804
2614
10810
10813
2622
2624
2626
10818
2628
2630
10823
10824
2632
10826
10827
2636
10828
2637
10831
2640
2641
10833
2644
10836
10838
2646
10839
2648
2649
10841
2650
10843
10844
2653
2655
2657
10850
10851
10852
2661
2662
2666
2669
10864
2672
2673
2674
10866
10867
10868
10870
2678
10873
2681
10874
2683
2684
10877
2686
10878
10879
2688
10880
10881
10882
2690
10885
2694
2696
2697
10890
2699
10893
10894
2702
10896
10897
2705
2706
2707
10900
2709
10901
10902
10903
2711
10904
2713
10906
2715
10908
2717
10910
2718
2719
10912
10913
10914
2723
10915
2724
10916
2725
10918
2728
10921
10923
10924
2734
10926
10927
2736
10928
10929
2737
2738
10931
10932
2740
2741
10933
10935
2744
10938
2748
10941
2750
2751
10944
2754
2755
2756
2758
10953
2762
10954
2763
2764
10957
2766
10958
2767
10961
2770
2771
10963
10964
10967
10968
10969
2780
10974
10975
10977
2786
10978
2789
2790
10985
10989
2797
10992
10993
2801
2803
2805
2806
10998
2808
11002
11004
2813
11006
2819
11011
11013
2821
11014
2823
2824
2825
11018
2827
11020
11021
2834
2838
11030
2839
11032
2840
11034
2842
2843
11039
2848
2849
11041
2852
11045
2855
2856
11048
11049
2860
11055
2863
11057
11058
11059
2867
11060
2868
11061
2870
2872
11064
11065
2874
11067
2877
11069
11070
2878
11072
2881
11074
2884
11076
2886
11079
11080
2888
2889
2890
11082
2891
11084
2893
2894
11090
2899
11092
11095
2904
11096
2905
11098
11100
2912
11105
11107
11109
2917
2918
2921
11113
2922
2923
2924
2925
11118
2927
11119
11120
11121
11122
2930
2931
2933
2934
2936
2937
2939
2940
11134
2942
11135
2944
11136
2946
11139
11140
2949
11142
2951
11143
11145
11146
2954
11147
11148
11149
11150
11151
2959
2961
11153
11155
2964
2965
11159
2967
2968
11160
11161
11162
2974
2976
11169
2977
11171
2979
11172
2980
11173
2981
11174
2983
11177
11183
11184
11186
2995
11187
11188
11190
11194
3003
11196
11197
3006
3007
11199
3008
11202
3011
11204
3014
11207
3016
3017
11209
3018
11211
3019
11212
11213
3022
3025
11218
3026
3027
11221
3031
11224
3035
11227
11229
11230
11231
11233
3043
3044
3045
3046
11239
11240
3051
3052
11244
11245
11246
3054
11247
3055
3056
11249
11250
11251
3059
3060
11252
3064
11256
3065
11258
3067
3068
3070
11262
11269
3078
3079
11272
3081
11274
3085
3087
3089
3093
11286
11287
11288
11289
11292
11293
3101
11295
3104
3105
11297
11298
11299
11300
3108
3109
11301
3110
11303
11305
3114
11307
3117
3118
11312
3120
11313
3122
11315
3125
11319
3129
11321
11322
11323
11325
11326
3134
11328
3136
11329
11330
3140
11332
3141
3143
3149
11342
11343
3153
11345
3154
11346
3156
11348
3158
11350
3159
3160
11354
3163
11355
3164
11357
3166
11358
11359
11360
11361
3170
11363
3173
11366
3174
11367
3175
3179
11372
11373
11375
3183
3184
3185
11378
3187
11380
11381
3191
11384
3194
3195
3196
3198
11390
3199
11392
3200
11394
11395
3203
3205
11397
11398
11399
3208
3209
11401
11403
3212
11404
3213
11408
3217
11412
3221
3222
11414
11415
3225
3226
11421
3229
11423
3233
11426
11428
3236
11429
3238
3239
11431
3240
3241
11433
3242
11434
11435
3244
3246
11438
11439
11443
11444
3252
11445
3253
3255
3256
11448
11449
3257
11450
11451
11455
3263
11456
11457
11458
11459
3267
11460
3268
3269
11461
3270
11463
3271
3272
11464
3273
11465
3276
11470
11471
3279
11474
11476
3287
3288
11480
3289
11482
11483
11485
11487
11488
11491
3299
11494
3302
11495
11496
3305
11498
3307
3309
11502
3310
11503
3312
11504
11505
3313
11506
11507
3315
3316
3317
11510
3319
11511
3320
11514
3325
3328
3330
11524
11525
3333
3335
11529
11530
11531
11532
11533
11535
3346
11539
3347
3350
11544
3356
11549
11550
11551
11554
11555
3363
11556
3364
3365
11558
3366
11560
3370
3372
3373
11569
3377
11571
3379
11572
11574
11575
3384
11576
11578
3386
11579
3388
11582
11583
11584
11585
11588
3398
3399
11592
3401
11593
11594
3406
11599
11600
3408
3410
3412
11604
3414
11606
11607
3416
11609
3417
11611
3421
3423
11616
11619
3427
11620
3428
3429
11621
11622
3431
11623
11624
3433
3435
11629
3439
3440
11635
11636
3444
11638
3447
11640
11641
3451
3452
11645
3454
3455
11649
3458
11651
3459
3461
11653
3466
11659
11660
11661
3470
3471
3472
3473
3474
11668
3476
11670
11672
11673
3481
11674
11675
3484
11677
3485
3486
11679
3487
3489
3490
11683
11684
3493
11685
11686
3495
3496
3497
3499
11692
3501
3502
11694
3503
11696
3505
11697
11698
11699
3507
11700
3508
11702
3511
11704
11705
3513
11707
3515
3516
3517
11709
3518
11711
3519
3521
11714
3522
11715
3523
3524
3525
3526
11718
3527
11722
11726
11727
3538
11730
3540
11733
3542
11734
11735
3543
11736
11739
11740
3549
11741
3550
3552
3553
11747
11749
3557
3558
11751
3560
11752
3564
11756
11757
3566
11758
11759
3569
3572
3573
11765
11766
11767
11768
11769
3578
3579
11772
11773
11774
3582
3583
11775
3584
3585
3586
11779
11782
3592
11785
3594
3595
3596
3597
11790
11791
3601
3602
11795
3603
11796
3604
11798
3607
11799
3608
11801
11803
3611
11804
3613
3615
11810
11811
11813
3621
11814
3624
3626
11819
3631
11823
11824
11825
3634
11827
3635
11829
3638
11832
11834
11836
3644
11840
11843
3653
3654
3655
3657
11850
11854
3662
3664
11856
11857
11858
3666
3667
11860
3669
3672
11864
11868
11869
11870
3678
11872
11874
11876
3684
11879
3689
3690
3692
3694
11887
11888
11889
3697
11892
3700
11893
3702
11894
3703
11895
11896
11898
3706
11899
11900
3708
3709
11901
3710
11902
11903
11905
11909
3719
3720
3722
3724
11917
11918
3727
11921
3730
11922
11923
3731
11924
11926
11928
3737
11930
11932
11933
3742
11934
11935
11937
3745
3746
11938
3748
11940
3749
11941
11942
3750
3752
11944
11946
3754
11949
3757
3759
11952
11955
3765
11958
3766
11959
3768
11961
11962
3771
11964
3774
3775
3776
11971
3780
3783
11976
3784
3785
11978
3787
11980
3788
11981
11985
11986
3795
11987
11988
3796
11989
3797
3801
11995
3803
11996
11999
3807
3808
12004
3812
12006
3815
3818
12011
3821
12014
3824
12016
12018
3827
3828
3830
3832
12025
3833
12026
3835
12027
3839
12032
3840
3842
3843
12036
3844
3845
12038
3846
12041
12043
12044
12045
3853
3857
12049
12052
3861
12053
12054
3862
12055
12056
3866
12061
12062
12065
3875
12068
12072
12074
12075
3883
3885
12077
12078
12079
12080
3889
3890
3891
3892
12085
12086
12087
12088
3896
12089
3898
12091
3902
3905
3906
12098
12099
3907
12101
12104
3913
3914
12106
12107
12108
3917
3918
3923
12116
12117
12119
3927
3928
3930
12122
3932
12125
3936
12128
12129
3938
3940
12132
12133
12134
3943
12135
12136
3944
3945
3947
12142
3953
12145
3954
12147
3956
3958
3959
12151
12152
12153
12155
12157
12159
3969
12162
3970
12163
12164
12168
3976
3979
3980
3981
12175
3984
12179
12181
12182
3990
12183
3993
3994
3995
3996
3997
3998
4000
4002
12195
4005
12198
4006
4007
4008
4012
4013
4014
12206
4015
12208
12209
12210
4018
12211
4020
4021
4022
12214
12215
4024
4025
4026
4027
12219
4029
12221
4030
4031
4032
4033
12226
12227
4036
12229
4038
12230
12232
12233
12234
4043
4044
12237
4045
12239
12240
4049
12241
12242
4050
4051
4053
4054
4055
12248
4057
12249
12253
12256
4064
4065
12258
4066
4069
12261
4071
12264
4072
12266
4074
12268
12269
12270
4078
12272
4080
12277
12278
12281
4091
12283
4092
12284
4093
12286
4094
4096
12290
4099
12291
12293
12294
4103
4104
12297
4108
12301
4109
4110
12304
4113
12306
4114
4117
4118
4120
4121
12314
4124
4126
12318
4128
12321
4129
4132
12325
4133
4134
4135
12329
12330
4140
12332
12333
4143
4144
12338
12341
4149
12342
12349
4157
4158
4160
12352
12353
4161
4162
12356
4164
12357
4165
4168
4169
12361
12363
12365
12366
12367
12368
12370
4178
4179
12373
4183
4184
4187
12381
12382
4191
4193
12385
12388
12389
4197
12390
4199
12394
4203
4207
12400
4209
4211
4215
4217
4220
4221
4222
4224
4226
4227
4232
4238
4240
4248
4252
4253
4255
4257
4260
4267
4269
4271
4273
4274
4276
4277
4280
4284
4287
4288
4289
4290
4292
4294
4298
4299
4300
4303
4305
4307
4308
4312
4313
4314
4318
4319
4320
4322
4323
4324
4326
4330
4331
4332
4337
4338
4339
4340
4341
4344
4346
4347
4350
4351
4354
4355
4356
4358
4359
4360
4361
4363
4366
4367
4368
4369
4371
4379
4380
4382
4385
4390
4394
4395
4397
4398
4399
4400
4403
4404
4406
4409
4410
4412
4415
4416
4421
4423
4424
4425
4426
4429
4434
4435
4436
4439
4441
4442
4443
4445
4448
4449
4455
4457
4458
4460
4461
4462
4464
4468
4469
4473
4477
4478
4479
4480
4485
4486
4487
4490
4491
4493
4499
4500
4501
4504
4505
4512
4520
4521
4523
4525
4526
4527
4533
4534
4537
4538
4541
4542
4544
4545
4546
4549
4551
4553
4554
4555
4558
4561
4563
4564
4565
4566
4567
4568
4571
4573
4577
4578
4580
4581
4582
4584
4586
4590
4593
4595
4596
4598
4600
4601
4603
4604
4608
4609
4614
4615
4618
4624
4627
4632
4633
4634
4635
4636
4638
4642
4643
4646
4647
4648
4651
4656
4657
4660
4665
4666
4667
4670
4674
4677
4678
4683
4685
4686
4691
4693
4694
4696
4703
4705
4706
4710
4712
4713
4714
4721
4724
4725
4728
4731
4733
4734
4737
4738
4739
4742
4747
4748
4749
4750
4754
4758
4761
4762
4765
4766
4769
4770
4772
4776
4779
4780
4784
4785
4786
4787
4788
4790
4794
4796
4798
4801
4802
4803
4811
4815
4816
4818
4820
4825
4827
4828
4832
4836
4837
4838
4839
4841
4846
4848
4849
4850
4852
4853
4854
4855
4856
4858
4859
4860
4864
4866
4868
4869
4872
4873
4875
4876
4877
4879
4880
4886
4887
4889
4891
4893
4895
4897
4901
4905
4908
4909
4910
4911
4914
4916
4918
4919
4921
4925
4929
4934
4935
4937
4938
4940
4941
4943
4944
4949
4950
4952
4954
4956
4959
4962
4965
4970
4972
4973
4979
4981
4985
4996
4997
4998
5000
5001
5004
5007
5008
5009
5011
5013
5015
5017
5018
5022
5028
5029
5032
5033
5034
5035
5038
5040
5041
5043
5044
5048
5050
5052
5056
5057
5059
5060
5062
5064
5066
5072
5076
5079
5082
5084
5087
5091
5092
5098
5100
5101
5103
5107
5111
5113
5115
5116
5117
5120
5121
5123
5124
5128
5130
5135
5137
5144
5146
5147
5149
5156
5157
5159
5163
5167
5169
5170
5171
5173
5178
5179
5185
5186
5188
5190
5192
5195
5196
5197
5198
5200
5206
5208
5212
5219
5221
5223
5224
5227
5228
5230
5231
5233
5234
5235
5238
5240
5241
5242
5243
5244
5246
5248
5249
5251
5255
5258
5260
5261
5262
5264
5266
5272
5273
5275
5276
5278
5282
5285
5290
5291
5292
5293
5294
5295
5298
5299
5300
5305
5307
5309
5321
5323
5324
5325
5328
5336
5342
5343
5346
5347
5348
5353
5355
5357
5359
5365
5366
5369
5373
5374
5375
5378
5381
5382
5383
5387
5388
5391
5395
5397
5399
5400
5401
5404
5405
5407
5408
5409
5415
5421
5422
5423
5424
5432
5434
5435
5436
5439
5442
5443
5445
5448
5451
5452
5454
5455
5456
5457
5459
5462
5465
5467
5472
5474
5477
5482
5488
5491
5494
5495
5496
5497
5501
5502
5504
5505
5507
5508
5509
5515
5517
5523
5525
5531
5541
5542
5544
5546
5549
5550
5551
5552
5553
5554
5555
5556
5557
5561
5562
5563
5564
5567
5571
5572
5576
5577
5583
5585
5586
5587
5588
5589
5590
5592
5595
5598
5599
5601
5604
5610
5612
5614
5615
5618
5623
5625
5629
5635
5636
5641
5645
5647
5651
5654
5655
5658
5662
5666
5671
5673
5675
5679
5681
5684
5685
5688
5689
5692
5693
5696
5698
5699
5702
5703
5704
5705
5706
5708
5710
5711
5712
5714
5716
5718
5723
5726
5727
5736
5737
5739
5740
5746
5754
5755
5756
5757
5760
5761
5762
5764
5769
5770
5771
5774
5778
5780
5781
5783
5787
5788
5790
5791
5794
5795
5798
5799
5802
5804
5806
5808
5817
5821
5823
5824
5826
5829
5830
5834
5835
5838
5842
5843
5844
5845
5847
5848
5850
5851
5852
5853
5854
5857
5858
5860
5861
5863
5865
5866
5867
5868
5871
5876
5878
5881
5884
5886
5887
5888
5890
5891
5892
5894
5895
5898
5899
5903
5908
5910
5911
5912
5914
5918
5923
5924
5926
5929
5930
5933
5935
5936
5939
5941
5944
5946
5947
5948
5950
5953
5954
5955
5957
5961
5967
5968
5971
5972
5973
5974
5975
5980
5981
5982
5983
5985
5987
5988
5989
5991
5998
6001
6003
6007
6009
6010
6013
6014
6016
6017
6019
6021
6023
6027
6033
6035
6037
6038
6040
6041
6048
6051
6057
6058
6065
6067
6068
6069
6070
6071
6073
6075
6079
6080
6082
6083
6085
6089
6091
6092
6093
6094
6098
6104
6105
6108
6110
6112
6113
6118
6120
6121
6124
6127
6129
6131
6135
6138
6139
6141
6143
6144
6146
6148
6150
6151
6155
6156
6157
6160
6161
6163
6165
6174
6176
6178
6181
6185
6186
6191
6193
6197
6200
6201
6202
6203
6208
6209
6210
6218
6220
6221
6223
6224
6226
6229
6238
6239
6243
6244
6251
6254
6255
6257
6258
6260
6261
6265
6269
6272
6273
6280
6284
6285
6287
6290
6294
6295
6296
6297
6301
6302
6305
6306
6307
6308
6311
6312
6313
6314
6315
6316
6318
6321
6327
6328
6330
6334
6337
6340
6341
6343
6345
6349
6354
6357
6359
6363
6364
6365
6368
6369
6373
6375
6377
6378
6380
6385
6388
6389
6390
6394
6395
6396
6400
6402
6407
6408
6410
6412
6414
6417
6419
6425
6428
6429
6432
6435
6437
6438
6439
6441
6443
6446
6448
6451
6453
6456
6459
6462
6468
6469
6472
6474
6475
6478
6479
6484
6485
6486
6487
6489
6498
6500
6501
6502
6509
6510
6512
6514
6521
6528
6529
6530
6534
6540
6541
6544
6545
6547
6548
6551
6552
6554
6555
6556
6557
6560
6561
6563
6564
6568
6573
6574
6577
6582
6583
6584
6585
6590
6593
6595
6596
6597
6601
6604
6605
6608
6609
6610
6611
6614
6615
6618
6627
6638
6643
6644
6646
6647
6648
6651
6653
6654
6655
6661
6662
6667
6673
6675
6677
6678
6682
6685
6689
6691
6696
6698
6703
6704
6705
6707
6708
6709
6711
6714
6715
6716
6719
6720
6721
6724
6729
6734
6736
6737
6738
6741
6742
6743
6745
6747
6748
6749
6751
6753
6756
6758
6759
6760
6763
6765
6768
6769
6773
6778
6779
6780
6781
6783
6794
6796
6797
6798
6799
6800
6803
6806
6807
6810
6811
6812
6815
6816
6820
6821
6822
6823
6825
6827
6828
6831
6836
6837
6838
6840
6841
6842
6849
6850
6851
6852
6854
6863
6864
6865
6867
6868
6870
6871
6872
6878
6881
6882
6884
6885
6889
6890
6892
6893
6895
6896
6900
6904
6906
6907
6908
6910
6916
6917
6921
6922
6925
6926
6927
6928
6930
6931
6938
6941
6945
6946
6947
6948
6949
6953
6954
6955
6956
6957
6958
6960
6963
6964
6968
6971
6972
6973
6975
6977
6979
6980
6983
6984
6985
6987
6990
6995
6998
7002
7005
7006
7007
7008
7009
7010
7012
7014
7018
7022
7024
7026
7028
7029
7032
7033
7035
7036
7037
7038
7041
7042
7045
7046
7047
7048
7055
7057
7059
7064
7067
7068
7070
7071
7073
7075
7080
7082
7087
7090
7092
7095
7099
7106
7107
7116
7117
7120
7123
7124
7126
7127
7131
7133
7134
7141
7142
7150
7152
7153
7156
7158
7159
7160
7164
7170
7171
7174
7175
7176
7179
7181
7184
7185
7187
7190
7192
7193
7198
7199
7200
7201
7203
7205
7206
7207
7208
7210
7211
7216
7219
7220
7222
7225
7226
7227
7228
7229
7233
7235
7236
7239
7242
7244
7245
7249
7250
7252
7253
7258
7263
7265
7270
7274
7275
7278
7279
7280
7282
7283
7284
7290
7294
7297
7302
7303
7307
7311
7314
7316
7321
7326
7327
7328
7332
7339
7340
7341
7342
7344
7345
7350
7351
7353
7354
7355
7359
7360
7367
7370
7373
7374
7376
7377
7378
7380
7382
7386
7388
7389
7391
7397
7398
7399
7404
7405
7407
7409
7411
7412
7414
7416
7417
7418
7420
7421
7423
7430
7431
7432
7436
7437
7438
7439
7446
7448
7450
7453
7454
7456
7457
7458
7461
7463
7471
7474
7475
7476
7477
7478
7481
7482
7494
7498
7502
7503
7505
7509
7517
7523
7525
7527
7528
7531
7532
7533
7534
7535
7536
7539
7540
7541
7543
7547
7553
7558
7560
7561
7565
7568
7569
7570
7573
7580
7582
7586
7587
7588
7591
7593
7595
7596
7600
7604
7605
7606
7608
7613
7615
7616
7619
7620
7621
7622
7624
7625
7626
7628
7632
7633
7637
7640
7641
7645
7646
7648
7651
7653
7656
7657
7658
7659
7660
7661
7662
7663
7664
7671
7672
7674
7680
7686
7690
7691
7693
7696
7697
7700
7701
7703
7705
7706
7709
7710
7719
7720
7721
7722
7728
7731
7732
7733
7740
7744
7745
7749
7754
7755
7759
7763
7766
7768
7769
7770
7771
7773
7775
7776
7777
7779
7780
7782
7788
7792
7793
7798
7802
7803
7805
7812
7813
7820
7821
7822
7824
7825
7826
7827
7829
7831
7833
7834
7837
7839
7840
7842
7845
7849
7853
7854
7856
7857
7861
7864
7869
7870
7874
7875
7879
7883
7884
7885
7886
7889
7890
7891
7892
7895
7896
7897
7905
7906
7908
7909
7911
7912
7913
7916
7920
7923
7924
7929
7934
7936
7939
7943
7947
7950
7951
7956
7960
7963
7964
7965
7966
7967
7968
7969
7973
7974
7976
7977
7982
7989
7990
7993
7996
7997
7999
8000
8001
8002
8003
8005
8007
8011
8015
8020
8023
8027
8033
8036
8037
8039
8041
8042
8044
8047
8050
8054
8056
8058
8062
8064
8067
8068
8069
8070
8074
8076
8077
8079
8080
8081
8084
8090
8092
8093
8099
8107
8108
8110
8111
8113
8114
8115
8116
8118
8119
8120
8123
8126
8130
8131
8133
8134
8135
8137
8138
8139
8141
8143
8145
8149
8152
8153
8156
8157
8160
8165
8166
8170
8172
8177
8180
8186
8188
8191
413
0
1
2
3
4
5
6
7
8
9
10
11
12
13
14
15
16
17
18
19
20
21
22
23
24
25
26
27
28
29
30
31
32
33
34
35
36
37
38
39
40
41
42
43
44
45
46
47
48
49
50
51
52
53
54
55
56
57
58
59
60
61
62
63
64
65
66
67
68
69
70
71
72
73
74
75
76
77
78
79
80
81
82
83
84
85
86
87
88
89
90
91
92
93
94
95
96
97
98
99
100
101
102
103
104
105
106
107
108
109
110
111
112
113
114
115
116
117
118
119
120
121
122
123
124
125
126
127
128
129
130
131
132
133
134
135
136
137
138
139
140
141
142
143
144
145
146
147
148
149
150
151
152
153
154
155
156
157
158
159
160
161
162
163
164
165
166
167
168
169
170
171
172
173
174
175
176
177
178
179
180
181
182
183
184
185
186
187
188
189
190
191
192
193
194
195
196
197
198
199
200
201
202
203
204
205
206
207
208
209
210
211
212
213
214
215
216
217
218
219
220
221
222
223
224
225
226
227
228
229
230
231
232
233
234
235
236
237
238
239
240
241
242
243
244
245
246
247
248
249
250
251
252
253
254
255
256
257
258
259
260
261
262
263
264
265
266
267
268
269
270
271
272
273
274
275
276
277
278
279
280
281
282
283
284
285
286
287
288
289
290
291
292
293
294
295
296
297
298
299
300
301
302
303
304
305
306
307
308
309
310
311
312
313
314
315
316
317
318
319
320
321
322
323
324
325
326
327
328
329
330
331
332
333
334
335
336
337
338
339
340
341
342
343
344
345
346
347
348
349
350
351
352
353
354
355
356
357
358
359
360
361
362
363
364
365
366
367
368
369
370
371
372
373
374
375
376
377
378
379
380
381
382
383
384
385
386
387
388
389
390
391
392
393
394
395
396
397
398
399
400
401
402
403
404
405
406
407
408
409
410
411
412
