3172
7
8
10
14
19
20
22
25
26
29
30
32
33
34
37
38
41
43
44
45
48
49
50
53
59
64
67
71
73
74
75
76
80
81
86
87
91
92
93
95
98
106
109
112
115
117
118
119
121
122
125
126
127
130
133
134
135
143
145
153
157
161
165
168
173
174
175
177
179
180
182
186
187
188
189
190
195
196
200
201
202
203
206
213
214
221
223
225
227
230
233
236
239
240
245
246
247
250
251
254
257
258
259
263
264
265
268
272
274
276
280
281
282
283
285
286
288
290
292
296
297
298
300
302
304
307
308
309
310
316
319
320
328
331
333
335
337
344
345
347
348
349
351
353
354
355
359
360
362
363
364
365
366
369
370
371
372
375
380
382
384
387
389
392
393
394
396
398
401
402
405
408
409
410
413
415
417
418
420
422
424
427
428
431
433
436
439
440
441
444
445
447
448
450
452
453
455
456
457
465
466
467
473
474
475
478
483
484
485
486
487
493
500
504
505
508
511
512
514
516
519
520
521
522
523
524
528
529
530
532
533
539
540
541
543
544
547
548
551
552
554
556
558
561
568
572
574
575
576
577
578
579
582
583
588
590
592
593
595
602
603
605
607
608
614
615
617
618
620
621
622
623
624
626
628
629
632
636
637
640
643
645
648
649
650
652
653
655
657
662
663
664
666
671
672
673
674
676
688
690
692
694
695
696
701
702
710
712
717
718
722
723
729
736
737
738
739
740
742
743
744
747
751
752
753
754
757
762
763
764
766
767
768
775
780
781
785
792
794
795
797
798
801
805
807
808
809
810
811
817
818
821
823
824
825
826
828
830
837
839
841
845
847
850
851
853
855
856
858
865
867
868
871
876
878
882
883
886
889
892
897
898
902
907
908
909
912
913
914
915
916
917
918
919
922
927
928
929
930
931
934
936
937
938
939
944
945
951
952
959
962
963
964
965
970
971
972
974
982
983
986
989
990
991
992
993
996
998
999
1005
1006
1007
1008
1009
1010
1012
1013
1015
1018
1019
1020
1021
1024
1026
1029
1030
1032
1033
1037
1039
1040
1043
1044
1045
1046
1047
1050
1051
1053
1056
1057
1058
1061
1063
1065
1066
1071
1072
1073
1074
1077
1079
1083
1085
1088
1090
1091
1093
1094
1098
1100
1103
1106
1107
1108
1111
1112
1117
1119
1122
1123
1124
1125
1126
1128
1130
1134
1137
1138
1145
1147
1155
1156
1159
1160
1161
1165
1167
1168
1171
1172
1175
1176
1182
1184
1185
1186
1191
1194
1195
1201
1202
1206
1210
1211
1212
1217
1218
1225
1227
1228
1233
1234
1235
1236
1237
1238
1239
1240
1243
1245
1246
1250
1252
1257
1259
1260
1263
1266
1267
1273
1274
1275
1276
1278
1284
1286
1287
1288
1289
1292
1293
1294
1296
1297
1298
1303
1306
1307
1309
1310
1311
1312
1313
1317
1318
1319
1323
1325
1326
1330
1331
1332
1333
1335
1337
1338
1343
1346
1351
1352
1353
1354
1355
1356
1364
1365
1367
1368
1371
1374
1376
1379
1380
1383
1387
1388
1391
1394
1395
1398
1399
1400
1407
1409
1413
1416
1419
1422
1423
1425
1426
1427
1428
1429
1430
1432
1435
1437
1438
1443
1448
1450
1453
1454
1455
1458
1459
1460
1462
1463
1468
1469
1471
1474
1475
1477
1479
1484
1485
1486
1488
1489
1498
1500
1502
1503
1507
1510
1513
1515
1517
1518
1520
1522
1524
1525
1527
1530
1532
1534
1535
1536
1538
1540
1543
1545
1546
1548
1549
1550
1552
1553
1556
1559
1560
1562
1565
1566
1568
1572
1574
1575
1577
1584
1586
1587
1590
1593
1595
1597
1598
1602
1605
1607
1609
1610
1611
1616
1617
1618
1619
1620
1621
1622
1623
1624
1626
1627
1631
1633
1635
1636
1637
1644
1646
1648
1652
1656
1657
1658
1660
1661
1663
1664
1665
1668
1674
1677
1680
1684
1688
1689
1690
1691
1693
1696
1700
1701
1708
1709
1710
1715
1720
1721
1723
1727
1729
1730
1731
1736
1737
1738
1740
1742
1743
1744
1745
1748
1752
1753
1756
1759
1762
1764
1768
1771
1772
1775
1776
1780
1781
1782
1785
1787
1789
1790
1791
1792
1794
1795
1797
1798
1802
1808
1816
1817
1819
1820
1822
1827
1829
1830
1833
1835
1837
1840
1841
1843
1846
1848
1849
1852
1853
1857
1861
1864
1866
1867
1878
1879
1880
1881
1888
1897
1898
1900
1901
1902
1903
1906
1908
1915
1916
1917
1919
1921
1922
1923
1927
1931
1932
1933
1936
1937
1938
1940
1944
1946
1947
1951
1953
1956
1958
1961
1962
1963
1967
1968
1969
1970
1982
1986
1994
1995
1996
2005
2006
2007
2009
2010
2014
2016
2018
2025
2027
2028
2029
2037
2038
2039
2041
2046
2050
2052
2054
2055
2056
2057
2062
2063
2064
2067
2069
2070
2076
2077
2082
2083
2086
2087
2089
2091
2092
2105
2109
2111
2114
2115
2116
2117
2118
2120
2121
2122
2124
2126
2129
2132
2134
2140
2142
2143
2145
2147
2152
2155
2156
2157
2162
2163
2167
2174
2179
2181
2182
2186
2187
2188
2189
2191
2192
2193
2200
2203
2209
2211
2212
2213
2214
2216
2217
2218
2219
2220
2224
2230
2233
2235
2236
2238
2239
2240
2241
2243
2247
2248
2249
2252
2254
2255
2257
2263
2264
2269
2272
2274
2276
2277
2278
2279
2280
2281
2283
2285
2286
2290
2295
2296
2303
2306
2307
2309
2310
2311
2312
2316
2318
2320
2322
2326
2327
2329
2330
2332
2333
2334
2337
2344
2353
2354
2360
2362
2363
2365
2366
2367
2369
2372
2373
2375
2382
2386
2388
2394
2395
2396
2403
2404
2405
2408
2409
2410
2411
2412
2413
2414
2415
2416
2419
2420
2421
2422
2429
2430
2431
2434
2435
2436
2442
2444
2451
2453
2456
2457
2458
2461
2468
2469
2470
2474
2475
2476
2478
2479
2480
2481
2483
2484
2485
2486
2491
2493
2495
2499
2501
2503
2504
2507
2508
2509
2510
2512
2513
2514
2526
2528
2529
2531
2532
2539
2541
2544
2545
2547
2548
2549
2550
2551
2552
2554
2556
2557
2558
2559
2560
2565
2568
2571
2574
2576
2577
2578
2579
2580
2581
2587
2589
2590
2595
2599
2602
2603
2604
2606
2607
2609
2610
2612
2614
2615
2619
2621
2623
2626
2627
2629
2631
2632
2635
2640
2643
2645
2646
2649
2656
2658
2661
2662
2664
2665
2669
2670
2673
2675
2677
2680
2681
2683
2685
2687
2690
2707
2708
2709
2715
2719
2720
2723
2725
2726
2727
2729
2730
2732
2733
2735
2736
2737
2740
2744
2745
2747
2748
2749
2751
2752
2754
2761
2763
2765
2766
2767
2769
2772
2774
2776
2781
2784
2785
2788
2790
2792
2793
2794
2795
2798
2799
2800
2801
2803
2808
2809
2810
2814
2818
2819
2821
2822
2823
2825
2826
2829
2830
2831
2832
2839
2841
2842
2843
2846
2847
2848
2856
2857
2858
2862
2863
2867
2871
2876
2877
2878
2879
2880
2881
2883
2884
2887
2888
2890
2894
2898
2902
2903
2904
2905
2910
2911
2912
2913
2914
2919
2920
2923
2924
2926
2928
2929
2933
2935
2937
2938
2940
2942
2943
2946
2949
2951
2952
2955
2957
2959
2964
2965
2966
2968
2972
2975
2979
2982
2985
2987
2988
2990
2993
2995
2998
3005
3007
3008
3012
3016
3018
3022
3023
3025
3026
3030
3033
3036
3039
3040
3041
3044
3047
3051
3055
3059
3060
3065
3066
3068
3069
3078
3082
3083
3084
3085
3087
3088
3089
3092
3094
3096
3103
3105
3108
3109
3110
3112
3113
3116
3118
3120
3122
3125
3131
3132
3137
3141
3142
3143
3146
3148
3149
3152
3153
3154
3155
3157
3158
3161
3164
3166
3169
3170
3174
3184
3186
3189
3191
3193
3200
3203
3204
3208
3209
3211
3212
3215
3217
3218
3219
3220
3221
3223
3224
3227
3228
3231
3233
3234
3235
3237
3240
3241
3242
3247
3250
3251
3253
3254
3255
3257
3258
3260
3264
3267
3270
3274
3276
3281
3282
3289
3295
3296
3298
3300
3302
3303
3305
3307
3309
3312
3316
3319
3323
3325
3328
3330
3332
3334
3336
3339
3352
3354
3355
3357
3360
3361
3364
3365
3367
3370
3375
3377
3380
3384
3385
3388
3390
3391
3392
3394
3404
3406
3408
3410
3411
3412
3413
3416
3420
3421
3422
3425
3426
3427
3428
3431
3433
3437
3439
3440
3441
3443
3444
3446
3450
3451
3453
3458
3460
3462
3463
3468
3471
3472
3474
3475
3479
3483
3485
3491
3492
3495
3498
3500
3502
3503
3510
3512
3514
3515
3518
3519
3524
3526
3528
3530
3531
3534
3535
3536
3537
3539
3541
3546
3547
3550
3551
3554
3556
3559
3563
3568
3569
3573
3575
3577
3581
3585
3588
3591
3592
3593
3594
3595
3599
3601
3605
3609
3610
3612
3613
3616
3619
3622
3623
3625
3626
3627
3630
3631
3634
3636
3638
3639
3640
3642
3643
3644
3645
3648
3649
3652
3654
3655
3657
3658
3660
3661
3664
3668
3669
3673
3677
3678
3680
3681
3683
3685
3686
3687
3688
3690
3694
3697
3699
3702
3706
3710
3711
3712
3715
3716
3719
3720
3722
3730
3736
3738
3744
3745
3750
3751
3752
3756
3758
3759
3760
3761
3762
3763
3764
3765
3771
3772
3774
3776
3778
3780
3784
3785
3788
3792
3794
3796
3798
3801
3803
3804
3805
3806
3811
3814
3816
3820
3821
3824
3827
3830
3831
3832
3836
3840
3841
3842
3843
3844
3845
3847
3848
3849
3851
3852
3854
3860
3862
3864
3867
3868
3871
3872
3877
3880
3882
3885
3889
3893
3897
3898
3904
3906
3911
3914
3917
3919
3926
3927
3928
3929
3931
3936
3938
3940
3943
3944
3948
3949
3954
3957
3958
3961
3962
3970
3972
3973
3977
3978
3979
3981
3983
3985
3988
3989
3991
3999
4000
4001
4003
4004
4006
4011
4013
4015
4017
4020
4021
4028
4031
4032
4034
4036
4037
4041
4042
4044
4045
4053
4060
4066
4068
4070
4076
4077
4081
4086
4087
4090
4092
4104
4109
4110
4111
4112
4113
4116
4120
4121
4122
4127
4128
4129
4131
4132
4133
4134
4138
4140
4144
4147
4150
4156
4158
4160
4162
4163
4165
4167
4173
4174
4175
4176
4179
4180
4189
4190
4191
4192
4193
4194
4196
4201
4202
4203
4204
4207
4209
4212
4215
4217
4218
4219
4222
4224
4225
4226
4228
4229
4230
4231
4234
4235
4236
4238
4239
4240
4242
4244
4247
4251
4263
4266
4268
4269
4270
4272
4273
4277
4278
4280
4281
4282
4284
4285
4290
4291
4292
4295
4298
4299
4302
4305
4306
4309
4312
4316
4318
4319
4322
4324
4326
4328
4329
4330
4331
4333
4336
4339
4345
4348
4350
4353
4356
4358
4360
4361
4364
4369
4370
4372
4373
4374
4383
4387
4389
4391
4394
4395
4397
4400
4401
4405
4408
4409
4410
4411
4412
4413
4420
4421
4422
4423
4425
4427
4431
4432
4433
4434
4435
4437
4438
4440
4444
4445
4447
4449
4450
4452
4453
4455
4456
4458
4459
4460
4461
4463
4466
4467
4468
4470
4471
4472
4476
4481
4484
4485
4486
4487
4490
4491
4493
4494
4495
4502
4509
4511
4512
4518
4520
4527
4528
4531
4536
4539
4541
4545
4546
4551
4554
4558
4560
4561
4571
4574
4576
4578
4581
4583
4584
4586
4587
4588
4589
4590
4593
4597
4600
4601
4602
4603
4604
4605
4608
4610
4614
4615
4618
4621
4623
4631
4632
4633
4635
4636
4638
4639
4640
4642
4645
4649
4652
4654
4655
4657
4662
4664
4668
4670
4671
4672
4674
4676
4679
4681
4685
4694
4695
4697
4699
4701
4702
4704
4706
4710
4712
4713
4715
4716
4717
4718
4719
4722
4723
4725
4726
4727
4728
4733
4735
4736
4741
4745
4746
4748
4752
4756
4757
4758
4762
4764
4767
4770
4771
4772
4773
4774
4775
4777
4778
4782
4784
4785
4787
4790
4791
4796
4799
4800
4804
4809
4810
4811
4812
4813
4814
4815
4822
4826
4828
4830
4831
4837
4839
4844
4845
4847
4850
4853
4855
4857
4858
4862
4863
4866
4868
4870
4875
4877
4883
4886
4890
4891
4903
4905
4910
4912
4916
4918
4920
4925
4926
4932
4935
4936
4937
4938
4939
4943
4946
4947
4950
4952
4953
4955
4959
4962
4964
4966
4967
4972
4973
4975
4976
4981
4984
4987
4988
4991
4992
4993
4998
5002
5004
5008
5010
5014
5016
5021
5023
5025
5026
5027
5029
5031
5032
5033
5034
5036
5043
5045
5046
5047
5054
5055
5056
5058
5060
5062
5064
5068
5069
5070
5073
5075
5079
5080
5081
5082
5083
5084
5086
5087
5088
5090
5091
5095
5096
5097
5099
5103
5104
5105
5112
5113
5116
5119
5120
5122
5126
5132
5134
5138
5139
5143
5144
5145
5146
5149
5151
5155
5158
5160
5161
5163
5165
5175
5177
5178
5187
5188
5189
5190
5191
5193
5196
5197
5200
5202
5203
5204
5206
5207
5209
5210
5213
5214
5215
5218
5220
5222
5228
5232
5233
5234
5235
5239
5240
5242
5244
5245
5252
5255
5256
5260
5263
5265
5266
5270
5272
5273
5283
5286
5289
5291
5292
5293
5296
5299
5301
5302
5304
5309
5310
5313
5314
5316
5317
5319
5322
5326
5327
5328
5335
5338
5339
5340
5341
5342
5345
5347
5350
5352
5357
5358
5359
5363
5364
5365
5368
5371
5373
5374
5375
5376
5379
5380
5381
5382
5386
5387
5389
5392
5395
5396
5403
5405
5408
5410
5413
5416
5417
5418
5420
5421
5423
5425
5426
5430
5432
5434
5436
5438
5439
5441
5445
5447
5450
5452
5454
5456
5460
5462
5464
5465
5469
5472
5478
5483
5484
5485
5490
5491
5496
5504
5507
5508
5510
5513
5514
5515
5517
5518
5519
5525
5530
5532
5533
5535
5536
5537
5539
5540
5544
5545
5546
5547
5548
5550
5552
5553
5554
5556
5557
5560
5563
5564
5567
5568
5570
5573
5574
5583
5586
5588
5590
5591
5595
5596
5600
5602
5611
5612
5613
5614
5615
5620
5624
5626
5627
5628
5631
5633
5634
5639
5643
5644
5647
5648
5651
5655
5657
5658
5660
5661
5663
5666
5668
5669
5671
5674
5677
5679
5681
5684
5686
5688
5692
5694
5696
5697
5698
5699
5700
5701
5704
5706
5710
5711
5713
5714
5717
5719
5725
5726
5727
5728
5731
5732
5734
5735
5737
5738
5742
5744
5748
5749
5752
5756
5757
5759
5767
5772
5773
5774
5778
5779
5781
5782
5783
5784
5786
5789
5792
5793
5795
5796
5799
5800
5802
5803
5807
5808
5810
5811
5813
5818
5820
5821
5822
5826
5829
5831
5832
5833
5836
5837
5838
5839
5842
5843
5845
5850
5852
5854
5856
5857
5858
5860
5861
5863
5866
5869
5872
5873
5874
5876
5877
5878
5880
5883
5884
5886
5889
5892
5896
5898
5900
5901
5902
5905
5906
5909
5910
5911
5916
5917
5918
5921
5923
5925
5926
5928
5930
5936
5940
5941
5944
5945
5947
5950
5957
5958
5959
5960
5962
5968
5971
5972
5975
5976
5981
5982
5983
5984
5987
5991
5992
5995
5997
5998
6003
6005
6006
6008
6009
6012
6013
6014
6015
6016
6018
6021
6024
6027
6030
6035
6037
6040
6042
6043
6045
6048
6049
6051
6052
6053
6054
6055
6058
6059
6060
6061
6062
6065
6070
6071
6072
6074
6077
6083
6084
6085
6087
6088
6090
6091
6093
6095
6097
6098
6100
6102
6106
6107
6109
6117
6119
6120
6123
6124
6129
6130
6133
6134
6136
6138
6140
6141
6143
6146
6147
6148
6149
6155
6156
6157
6158
6163
6164
6165
6167
6170
6172
6175
6176
6181
6182
6183
6184
6188
6189
6190
6198
6201
6204
6205
6208
6210
6212
6215
6217
6220
6221
6223
6224
6225
6226
6230
6234
6241
6243
6244
6246
6251
6252
6253
6254
6255
6256
6258
6259
6263
6265
6266
6268
6270
6274
6276
6280
6283
6284
6285
6288
6295
6296
6297
6300
6303
6305
6308
6317
6318
6319
6320
6322
6324
6326
6327
6328
6331
6333
6336
6338
6341
6342
6343
6351
6355
6361
6362
6364
6367
6369
6370
6372
6373
6374
6379
6380
6384
6385
6386
6391
6396
6398
6400
6401
6405
6407
6414
6416
6421
6423
6425
6426
6428
6429
6433
6436
6437
6442
6443
6445
6446
6448
6449
6453
6455
6456
6458
6460
6463
6464
6466
6467
6468
6471
6472
6473
6475
6477
6478
6479
6480
6481
6485
6487
6488
6490
6494
6496
6499
6500
6503
6504
6505
6506
6507
6509
6512
6515
6516
6518
6520
6523
6524
6525
6527
6531
6532
6534
6535
6536
6537
6538
6539
6540
6541
6542
6544
6545
6550
6552
6554
6555
6557
6558
6560
6561
6567
6571
6575
6584
6585
6586
6587
6591
6592
6594
6595
6596
6598
6600
6605
6609
6613
6614
6615
6623
6625
6628
6630
6635
6636
6639
6640
6645
6647
6648
6650
6651
6652
6653
6656
6658
6659
6663
6670
6674
6675
6678
6679
6685
6686
6688
6690
6697
6698
6699
6700
6702
6706
6708
6709
6710
6712
6713
6714
6715
6719
6723
6724
6725
6727
6728
6732
6735
6739
6740
6741
6743
6744
6745
6746
6750
6753
6757
6762
6764
6766
6769
6770
6771
6776
6778
6780
6782
6786
6788
6789
6790
6791
6793
6794
6798
6802
6804
6805
6806
6808
6810
6813
6814
6816
6817
6818
6820
6824
6826
6829
6830
6831
6833
6834
6836
6837
6840
6844
6845
6846
6847
6848
6850
6852
6854
6857
6858
6859
6860
6861
6862
6863
6865
6866
6868
6869
6870
6871
6872
6873
6874
6875
6876
6877
6882
6884
6885
6886
6888
6889
6893
6898
6901
6906
6912
6913
6915
6917
6918
6922
6926
6928
6929
6931
6937
6938
6940
6945
6946
6949
6950
6951
6952
6953
6955
6956
6958
6959
6961
6962
6964
6966
6967
6971
6980
6982
6983
6988
6989
6991
6993
6995
6999
7000
7001
7003
7006
7008
7010
7011
7012
7018
7020
7021
7023
7026
7027
7031
7032
7034
7035
7036
7037
7038
7039
7040
7041
7042
7047
7052
7055
7056
7057
7058
7059
7063
7065
7066
7073
7074
7075
7076
7078
7080
7081
7084
7086
7087
7089
7090
7091
7094
7097
7102
7105
7106
7107
7110
7112
7114
7115
7118
7119
7121
7129
7131
7134
7137
7138
7139
7141
7142
7143
7146
7147
7151
7152
7154
7158
7159
7160
7161
7162
7163
7166
7169
7170
7176
7179
7182
7185
7187
7190
7191
7194
7195
7197
7198
7202
7203
7204
7208
7209
7210
7211
7213
7215
7223
7224
7225
7229
7230
7231
7233
7236
7237
7247
7248
7255
7258
7259
7262
7266
7273
7275
7276
7277
7278
7279
7281
7282
7284
7286
7290
7295
7297
7299
7308
7310
7313
7314
7316
7318
7323
7331
7332
7333
7334
7339
7340
7348
7349
7350
7355
7356
7357
7358
7362
7365
236
1
2
3
4
9
10
13
14
16
17
18
23
24
27
28
29
30
31
32
33
38
39
41
42
43
45
46
50
51
54
55
56
57
59
61
62
67
68
69
72
74
75
78
79
81
82
83
85
87
89
90
92
95
96
97
98
100
102
103
104
106
108
109
114
116
117
120
121
122
123
124
125
126
128
132
134
135
136
137
139
141
142
143
144
146
147
148
150
153
154
157
159
160
161
162
163
164
165
168
169
171
172
174
176
177
178
180
181
186
188
192
193
194
195
196
197
199
200
201
202
204
205
207
208
209
210
212
213
214
215
217
218
219
220
221
225
227
234
236
237
238
239
240
241
244
245
246
249
251
253
255
258
259
260
262
263
265
266
267
268
270
272
278
279
280
281
282
283
284
285
288
290
292
293
294
295
296
300
301
302
303
305
308
309
310
312
317
319
320
321
324
325
326
327
328
329
331
333
334
335
336
339
340
341
342
343
346
353
356
357
359
361
362
363
364
368
370
371
376
377
378
379
382
384
385
386
387
388
389
390
391
392
393
394
395
396
