174
0
258
2
3
259
4
262
6
8
9
10
267
11
268
13
14
16
273
17
18
19
277
21
278
22
23
24
25
26
282
27
28
286
31
32
288
33
34
290
35
291
36
293
37
294
38
295
39
296
40
297
41
43
299
300
44
301
45
47
304
305
49
306
308
310
54
312
56
313
314
59
317
62
318
322
66
323
68
69
326
70
73
330
331
334
78
335
339
340
85
344
345
347
348
349
95
352
353
98
356
100
101
358
104
361
108
365
110
366
112
113
114
372
117
119
375
378
379
124
380
125
381
126
383
389
136
393
139
395
397
142
143
402
403
147
405
153
154
410
156
157
416
161
162
163
167
171
174
177
178
179
182
184
186
187
188
190
195
203
212
213
217
219
226
227
229
231
236
237
240
245
248
254
255
26
5
6
71
7
73
75
11
14
18
82
19
20
24
26
28
32
34
35
38
39
44
48
55
58
62
63
