782
2050
7
2056
11
2061
2064
2066
18
19
2067
2068
20
2071
2072
2073
26
2076
2080
34
2083
2088
2090
43
45
2096
49
2101
53
2102
2104
2105
58
62
2112
2116
68
2119
71
2121
73
2123
76
77
79
2130
2131
86
87
88
89
2138
91
2140
94
99
2147
100
2149
2150
103
2151
107
112
114
116
2166
2169
125
126
127
128
129
130
2182
2183
139
2188
142
2191
145
2193
2194
2197
2199
153
154
2204
161
2211
2212
166
2214
2218
2219
172
2226
179
2227
2229
2232
184
2234
186
190
192
2241
193
2242
195
2243
2244
200
2251
2252
2254
2257
209
210
2259
2260
2264
218
2266
221
2270
223
2271
2273
225
2277
233
2281
235
239
240
243
2292
246
247
249
2298
252
2300
2301
2303
255
2304
257
2306
260
2308
263
268
2317
269
2318
270
271
2322
2323
276
2326
282
2335
288
2336
289
2337
2340
2341
295
301
306
2355
307
308
310
312
2362
2367
322
2371
2373
2374
327
2375
2377
331
333
2381
340
341
342
344
345
347
2395
348
352
353
354
2405
2406
2407
2409
361
362
363
2412
366
367
370
2418
2419
2421
377
379
383
2431
385
2435
388
390
2440
392
393
2444
397
2447
399
2455
409
411
2459
412
415
417
2466
2468
2469
2470
2476
2477
2478
433
434
2484
2485
437
443
2493
447
2497
449
2499
453
454
2502
455
2503
459
461
2513
466
2515
2516
473
481
2532
484
2533
2534
2537
490
2539
492
2545
497
2547
2548
2549
504
2554
2555
507
508
509
510
511
2560
513
515
2566
2567
2568
525
2574
526
2578
2581
533
2582
534
539
2588
542
547
548
2596
550
554
2606
561
562
2610
563
2612
565
2614
2615
2616
569
2618
571
572
573
2625
579
2627
580
581
2629
2630
2633
2634
588
589
591
2639
2643
597
2646
599
2648
2649
2650
2653
2654
607
2657
614
616
617
2667
2668
620
621
2669
622
2671
2673
2674
627
628
629
630
631
2681
634
637
639
649
656
664
665
676
682
683
685
688
690
693
694
697
699
712
719
722
726
734
743
744
747
749
751
753
754
756
762
768
769
774
775
780
784
787
790
791
792
793
795
796
797
799
800
807
811
816
830
832
834
837
839
840
847
849
854
866
868
870
872
875
877
890
892
896
897
899
900
908
917
919
923
926
927
931
932
939
941
943
945
956
962
963
964
967
968
971
975
976
982
983
989
995
1003
1004
1006
1014
1017
1018
1023
1025
1031
1033
1041
1042
1044
1047
1051
1054
1059
1061
1063
1064
1065
1066
1078
1079
1080
1082
1083
1087
1088
1089
1092
1095
1098
1104
1106
1107
1108
1115
1116
1126
1130
1132
1135
1136
1137
1138
1140
1147
1152
1153
1156
1162
1163
1166
1168
1170
1171
1173
1174
1176
1177
1178
1180
1181
1187
1192
1193
1200
1201
1203
1204
1206
1208
1212
1213
1214
1215
1223
1224
1228
1231
1233
1239
1241
1242
1243
1245
1246
1250
1251
1253
1254
1259
1262
1263
1266
1267
1268
1272
1277
1283
1291
1297
1298
1303
1309
1316
1320
1321
1325
1328
1330
1333
1334
1338
1340
1342
1348
1353
1354
1356
1357
1360
1367
1369
1374
1385
1389
1392
1397
1398
1404
1406
1407
1408
1410
1411
1412
1418
1419
1425
1429
1431
1440
1445
1446
1458
1462
1465
1467
1469
1475
1476
1481
1482
1483
1484
1488
1490
1494
1497
1498
1500
1505
1506
1507
1508
1513
1514
1520
1526
1528
1534
1535
1537
1538
1540
1553
1560
1561
1562
1563
1565
1570
1584
1597
1600
1601
1602
1603
1604
1606
1607
1610
1618
1621
1637
1640
1642
1650
1655
1659
1662
1666
1670
1671
1675
1677
1681
1683
1689
1690
1692
1699
1701
1704
1707
1709
1715
1720
1721
1723
1724
1726
1727
1729
1732
1734
1742
1743
1748
1750
1757
1773
1777
1782
1784
1785
1787
1788
1789
1790
1792
1795
1798
1799
1802
1804
1806
1807
1811
1812
1823
1825
1826
1830
1834
1835
1837
1838
1839
1844
1845
1853
1854
1857
1866
1867
1868
1869
1875
1880
1883
1896
1897
1898
1899
1900
1902
1903
1907
1910
1914
1919
1920
1921
1922
1930
1933
1936
1943
1945
1948
1951
1959
1961
1964
1968
1969
1977
1978
1980
1983
1985
1986
1993
1994
1996
1999
2002
2009
2016
2017
2018
2020
2025
2037
2045
90
0
1
2
3
4
5
6
7
8
9
10
11
12
13
14
15
16
17
18
19
20
21
22
23
24
25
26
27
28
29
30
31
32
33
34
35
36
37
38
39
40
41
42
43
44
45
46
47
48
49
50
51
52
53
54
55
56
57
58
59
60
61
62
63
64
65
66
67
68
69
70
71
72
73
74
75
76
77
78
79
80
81
82
83
84
85
86
87
88
89
