390
1027
1028
5
6
1031
7
1032
1033
13
1037
15
18
1042
1043
1046
25
1050
26
1052
1055
1056
32
36
1060
1062
1066
43
1069
47
1072
50
1077
1078
1079
56
1081
1084
62
68
70
71
74
75
1103
1106
1107
84
86
94
95
98
101
106
107
110
1140
1146
1147
125
128
131
133
134
1161
1165
142
1168
146
1170
1172
1173
152
1177
1179
1181
161
1185
163
1188
1191
167
169
1196
1197
173
1198
1204
1205
183
1207
1210
1215
1218
197
1223
1227
208
1234
1235
1238
1240
216
1241
219
1244
1245
221
224
1249
1251
227
1253
229
231
1259
1261
1263
245
248
1274
255
1281
260
261
264
265
271
1298
1299
281
284
1308
1310
1313
292
1318
1319
295
1321
297
1324
301
305
307
1331
308
311
1335
1338
318
319
1343
320
1344
1348
1349
326
1352
328
330
332
1357
334
335
1361
338
1365
343
344
345
1370
347
1372
1373
1374
352
1379
357
1382
358
1384
363
1391
371
1398
1400
1401
377
378
379
382
383
385
387
391
1417
1421
401
1425
403
1431
408
1434
1438
1441
1445
1446
422
1447
425
1449
426
1452
428
1453
429
434
435
436
1460
1461
1466
449
1474
454
456
1480
458
460
463
1488
464
1491
467
1492
470
1497
473
1500
1501
478
1503
1504
484
486
1510
1511
1513
493
1522
1530
506
1534
1536
517
1549
527
1556
538
1562
1566
1568
1569
548
1572
550
1574
1577
1580
556
557
559
1584
569
1594
570
574
1601
587
595
597
599
601
605
610
611
616
619
621
622
625
629
630
635
640
643
648
649
652
655
657
659
669
670
672
676
687
688
690
693
694
696
700
706
710
711
713
714
716
725
727
739
743
745
749
750
755
756
761
766
770
774
781
785
786
790
793
797
800
801
804
805
812
814
816
819
828
834
843
844
847
850
851
852
875
877
888
891
892
893
901
902
914
917
918
920
921
922
924
925
926
932
934
938
941
942
947
951
953
954
965
977
982
986
990
997
1000
1009
1017
1023
383
0
1
2
3
4
5
6
7
8
9
10
11
12
13
14
15
16
17
18
19
20
21
22
23
24
25
26
27
28
29
30
31
32
33
34
35
36
37
38
39
40
41
42
43
44
45
46
47
48
49
50
51
52
53
54
55
56
57
58
59
60
61
62
63
64
65
66
67
68
69
70
71
72
73
74
75
76
77
78
79
80
81
82
83
84
85
86
87
88
89
90
91
92
93
94
95
96
97
98
99
100
101
102
103
104
105
106
107
108
109
110
111
112
113
114
115
116
117
118
119
120
121
122
123
124
125
126
127
128
129
130
131
132
133
134
135
136
137
138
139
140
141
142
143
144
145
146
147
148
149
150
151
152
153
154
155
156
157
158
159
160
161
162
163
164
165
166
167
168
169
170
171
172
173
174
175
176
177
178
179
180
181
182
183
184
185
186
187
188
189
190
191
192
193
194
195
196
197
198
199
200
201
202
203
204
205
206
207
208
209
210
211
212
213
214
215
216
217
218
219
220
221
222
223
224
225
226
227
228
229
230
231
232
233
234
235
236
237
238
239
240
241
242
243
244
245
246
247
248
249
250
251
252
253
254
255
256
257
258
259
260
261
262
263
264
265
266
267
268
269
270
271
272
273
274
275
276
277
278
279
280
281
282
283
284
285
286
287
288
289
290
291
292
293
294
295
296
297
298
299
300
301
302
303
304
305
306
307
308
309
310
311
312
313
314
315
316
317
318
319
320
321
322
323
324
325
326
327
328
329
330
331
332
333
334
335
336
337
338
339
340
341
342
343
344
345
346
347
348
349
350
351
352
353
354
355
356
357
358
359
360
361
362
363
364
365
366
367
368
369
370
371
372
373
374
375
376
377
378
379
380
381
382
