882
0
2048
2050
2051
5
2056
11
2059
2061
2063
16
2064
17
2067
22
2072
2073
2075
2077
30
31
32
2081
2083
36
2084
2085
38
40
41
44
2093
47
50
51
53
2101
54
56
58
2107
60
2109
2112
2113
2115
68
72
2122
2123
2124
77
78
84
2132
2134
2135
94
2142
2143
2145
2146
2147
2148
2151
2153
109
113
115
2164
118
120
2168
125
129
2178
2179
136
138
2186
2188
141
2189
143
145
147
2195
150
153
154
2203
157
2205
158
162
2210
166
167
168
2216
169
170
171
2220
2224
2225
178
2226
2227
180
2229
2231
186
2234
2235
191
2240
193
2241
194
2245
199
201
202
2250
204
2252
207
2257
2258
2259
214
2264
217
2265
219
2267
220
2269
222
224
225
227
228
2276
232
2282
235
2283
2288
241
242
243
2295
2296
2297
2299
253
2303
261
2309
2310
264
267
2317
2318
271
2323
277
279
280
283
2333
286
2334
2335
290
2338
292
293
294
2342
2343
298
2349
2350
303
2351
2354
2356
2358
311
2360
2361
2362
2363
316
317
318
320
321
324
2373
326
2374
328
2377
330
2384
337
2386
341
342
343
345
2393
2397
350
2399
352
2400
353
355
356
2404
357
358
2406
359
2407
2410
2411
365
2413
2414
2416
369
370
372
373
377
379
2427
380
381
2429
2432
2434
387
2436
390
2439
2443
396
2444
398
2446
400
2448
2450
2451
2452
405
407
2456
2458
411
2459
412
414
2462
417
418
2466
421
423
425
2475
428
429
2480
434
436
2484
438
439
440
441
2489
2490
2491
2492
445
2493
448
2497
450
2498
452
2502
457
2505
2506
2507
460
2508
2510
2511
2513
467
472
2522
2526
2528
482
2530
2531
2534
2536
2540
493
2542
496
2544
2546
2548
501
502
503
505
2553
2555
2556
2557
511
2559
2561
2562
517
2567
521
2570
526
531
535
2584
2585
2587
542
2591
546
2596
2598
2604
557
2606
559
2607
562
563
565
2613
2616
574
2623
584
587
594
595
596
600
602
610
615
617
618
619
620
621
626
627
628
629
637
638
639
640
642
644
647
649
651
652
653
654
657
660
661
662
664
666
668
673
674
678
680
681
684
690
693
696
700
702
708
709
710
712
714
715
716
719
721
722
723
727
728
730
731
734
744
745
746
752
755
756
766
769
771
772
775
776
778
779
781
783
784
786
790
792
793
795
797
801
802
806
807
808
809
811
814
815
816
819
822
824
825
826
838
843
844
846
848
852
855
857
858
860
864
865
866
869
873
874
880
884
885
889
890
893
894
896
899
900
901
908
911
914
915
917
920
924
927
928
932
937
938
939
944
948
950
951
954
957
960
972
975
980
987
988
991
992
997
998
1002
1004
1005
1006
1007
1008
1009
1010
1015
1016
1019
1022
1026
1028
1031
1034
1036
1040
1041
1045
1046
1050
1055
1059
1063
1064
1065
1068
1078
1079
1083
1085
1086
1087
1088
1091
1093
1095
1100
1101
1102
1103
1108
1110
1111
1115
1124
1126
1128
1133
1136
1137
1139
1141
1149
1151
1156
1159
1162
1163
1172
1174
1175
1176
1177
1182
1184
1186
1189
1193
1194
1195
1198
1199
1203
1206
1209
1210
1219
1223
1224
1225
1226
1227
1229
1232
1239
1241
1243
1244
1246
1251
1252
1253
1256
1258
1264
1265
1272
1274
1285
1287
1288
1289
1290
1291
1292
1305
1307
1309
1311
1317
1319
1323
1325
1327
1328
1330
1332
1333
1335
1343
1344
1345
1347
1348
1356
1359
1360
1361
1366
1375
1376
1377
1379
1380
1381
1388
1391
1392
1396
1397
1399
1402
1404
1406
1407
1408
1411
1417
1419
1422
1430
1433
1437
1438
1439
1440
1445
1446
1458
1460
1463
1467
1468
1469
1484
1491
1492
1497
1498
1505
1506
1509
1513
1515
1516
1525
1528
1529
1530
1531
1535
1537
1538
1542
1549
1555
1557
1558
1559
1565
1566
1573
1580
1581
1586
1589
1593
1596
1604
1609
1613
1614
1616
1619
1627
1628
1637
1638
1643
1650
1651
1652
1654
1655
1656
1659
1665
1667
1668
1671
1673
1677
1681
1685
1689
1690
1691
1695
1698
1702
1703
1705
1706
1707
1708
1709
1710
1712
1714
1716
1720
1723
1724
1727
1728
1732
1735
1736
1738
1739
1740
1745
1747
1754
1760
1764
1767
1769
1770
1771
1776
1777
1780
1782
1783
1787
1790
1796
1798
1801
1803
1805
1808
1812
1817
1818
1820
1823
1825
1827
1829
1838
1839
1840
1842
1844
1845
1846
1848
1850
1860
1862
1864
1865
1866
1867
1869
1874
1876
1878
1879
1880
1881
1885
1886
1887
1889
1890
1893
1895
1901
1907
1910
1911
1913
1914
1915
1920
1921
1922
1923
1927
1928
1931
1932
1935
1938
1944
1955
1956
1957
1960
1962
1966
1976
1978
1980
1987
1990
1991
1992
1994
1995
1999
2001
2005
2013
2018
2020
2023
2024
2031
2033
2034
2036
2037
2043
101
0
1
2
3
4
5
6
7
9
10
14
16
18
19
20
21
23
26
27
28
30
31
32
39
41
42
43
44
45
46
47
48
49
52
54
55
56
57
58
60
65
66
67
68
69
70
71
72
73
78
79
81
82
83
84
85
86
89
90
91
92
94
95
96
97
98
99
107
108
110
111
112
116
117
118
120
121
122
123
124
125
127
129
131
132
133
134
142
143
144
145
146
147
148
151
153
156
157
158
159
160
