686
1024
0
1025
1
1026
2
3
4
1028
1029
6
1031
7
8
1033
9
10
1034
1035
11
1036
12
13
1037
14
15
1040
16
1041
17
1042
18
1043
19
1044
1045
21
1046
22
23
1047
24
25
1051
28
1053
29
30
1055
1056
32
1057
1058
35
1059
1060
38
1063
1064
40
1065
41
42
1066
44
47
1071
48
1072
49
1073
50
1075
52
1077
53
1078
56
1080
1081
58
1082
1083
59
1084
1086
62
63
1087
64
1088
65
1089
66
1090
1091
68
1092
1093
69
1094
71
1097
74
1099
75
76
1101
1102
1103
80
1104
1105
81
1106
82
83
86
87
92
93
95
96
99
101
104
107
108
110
111
113
115
116
117
118
120
121
122
123
124
126
127
128
129
130
131
132
133
134
135
136
137
138
140
141
142
144
146
147
148
151
152
153
155
156
157
158
159
160
161
163
164
166
167
168
170
174
175
178
179
180
181
182
187
193
194
197
199
200
205
206
207
209
211
213
219
220
222
224
227
228
236
237
238
242
243
246
247
249
250
251
252
253
256
259
261
262
266
267
268
269
271
272
273
275
277
278
279
280
282
288
289
290
291
293
295
296
297
298
299
300
301
302
304
309
310
311
312
313
317
318
319
320
321
323
324
325
326
327
328
329
331
335
337
338
339
343
344
345
346
347
349
352
353
356
358
364
365
366
367
369
370
371
376
377
378
380
381
383
384
386
387
392
393
399
401
403
404
405
406
407
408
409
411
412
413
415
416
418
419
422
423
424
426
427
429
430
431
432
434
440
441
442
443
445
446
447
448
451
455
456
457
458
461
463
464
465
467
468
469
470
471
472
473
474
476
477
478
479
480
483
484
485
488
493
494
496
498
499
500
501
503
504
505
506
509
510
511
512
515
516
517
519
521
523
524
527
529
530
531
532
533
535
536
537
538
539
542
543
544
545
547
548
549
551
553
556
558
559
562
563
564
565
569
570
571
572
573
578
579
581
582
585
586
588
589
591
592
593
595
596
597
598
599
600
601
602
604
605
608
609
612
614
617
618
621
622
624
625
626
629
630
631
632
633
636
638
639
641
644
645
646
647
650
651
655
657
658
661
662
663
664
665
666
667
669
671
673
676
678
680
682
683
687
688
689
690
691
692
693
694
699
700
701
702
703
704
707
709
710
712
713
714
716
722
723
724
726
728
729
730
732
733
734
735
736
737
738
742
744
745
746
748
750
753
756
757
758
759
760
763
764
765
767
768
771
773
774
775
776
778
780
782
784
788
790
791
792
794
796
798
800
801
807
808
809
813
816
819
820
822
823
824
825
826
827
828
829
830
831
832
833
834
836
839
841
842
846
847
848
850
852
855
860
862
863
864
865
866
868
869
870
871
872
874
877
879
880
884
885
886
887
891
892
893
896
897
898
900
902
903
904
906
907
909
910
911
913
914
915
917
920
923
925
926
927
928
929
931
932
933
934
936
938
939
940
941
942
943
944
945
946
947
948
949
951
952
953
954
956
957
958
961
962
963
965
966
967
968
969
970
972
974
975
976
977
978
982
984
987
988
989
990
991
992
993
995
996
997
999
1001
1003
1004
1005
1006
1007
1008
1009
1013
1014
1015
1016
1017
1019
1020
1021
61
1
2
3
4
5
6
7
8
9
10
11
13
14
17
18
19
20
22
24
27
28
29
31
35
36
38
40
41
42
45
46
47
48
49
51
53
54
56
58
59
60
61
62
63
64
65
67
68
69
71
73
74
75
76
77
78
82
83
84
85
87
