89
128
384
129
897
641
513
259
771
388
5
646
134
776
265
778
534
406
922
414
160
417
162
547
419
164
680
40
939
811
813
303
946
563
308
949
438
184
569
59
956
700
190
448
961
194
835
452
580
202
331
76
77
845
463
722
340
981
85
853
344
985
474
861
989
990
991
480
97
610
227
101
742
232
489
874
234
624
113
1010
499
244
630
1014
886
758
247
635
892
894
103
257
1
258
3
262
263
9
10
268
14
271
276
278
283
287
289
34
290
291
35
294
295
296
297
42
299
46
303
50
306
51
308
53
54
311
55
58
314
316
318
319
63
64
321
322
67
69
326
72
73
331
75
80
81
85
90
91
348
95
351
352
96
98
355
100
365
114
115
116
117
118
120
123
135
141
142
146
158
160
172
178
186
188
191
192
193
195
201
202
212
218
222
223
227
236
238
239
242
248
249
250
254
255
