1282
4096
4098
2050
6148
8198
4102
2055
4104
2056
9
2057
11
12
6157
2063
6160
4113
2065
8209
2067
4117
8214
2070
4121
6169
4125
6175
32
4129
2081
6177
8225
35
8228
2084
8229
2086
8231
4135
39
8233
4138
6186
4140
4142
49
6193
8242
6195
6197
6199
8248
8250
58
6204
2108
8254
4159
6208
2113
65
8257
2114
6210
6211
68
4164
4165
8261
8263
6215
2121
74
8267
76
2124
78
4175
4176
4177
84
6229
4181
8279
87
4185
8285
93
95
4192
4194
4195
4196
4197
4198
6246
8296
2153
6250
4204
108
4205
8302
6256
2163
119
2169
4217
122
127
8319
4224
131
2180
133
6278
2183
6280
137
4233
6282
138
6284
4236
6285
142
6287
6292
2196
150
2198
6297
4249
153
4251
4255
6304
162
4260
165
4262
167
4264
169
2218
6315
6316
2226
4274
6323
4276
186
187
6334
6336
2243
6340
4292
198
6343
203
2251
6350
4306
210
2261
6360
4315
6364
4316
2271
226
4328
233
4330
235
6380
6382
240
4341
6389
245
4345
250
2300
4348
253
6398
2302
6401
6402
6404
261
4365
6414
2322
6419
275
6421
277
2325
2326
6422
2329
4382
4386
291
4388
2341
293
6438
2343
4393
300
6444
2351
6448
305
2357
310
2363
6463
326
328
4425
4426
6476
6477
2382
335
6479
338
2386
6487
345
4442
2394
6490
4443
348
6494
351
2399
4449
6501
6502
4454
359
364
366
371
6515
375
4476
4478
6527
383
4483
4484
6533
4488
393
397
6541
398
403
2452
6550
6551
6552
4505
4506
2460
413
6559
2466
6562
6563
419
6564
420
2469
4520
6572
4524
6573
4526
6574
432
6578
4532
6580
2486
4534
4535
6584
2493
2496
6593
4546
6597
6598
455
4552
4554
459
4555
2508
4557
6606
465
6610
2515
469
2517
470
2520
4570
6620
477
478
479
2527
4577
2529
4579
4580
488
2537
6634
2539
6635
4588
6637
6638
495
6640
4593
4594
2547
503
505
509
6654
4606
6656
2561
513
2563
6659
515
6662
520
4617
522
4621
6670
527
6671
4626
4629
4630
536
4633
6682
4639
2593
4643
6692
2596
6694
4650
2608
6707
563
4660
566
4663
2615
570
4667
2624
4672
4673
2628
2629
4677
6727
583
2632
6729
6731
4686
4687
6738
594
2642
2643
4692
2645
598
602
6748
2653
4702
609
610
2662
6758
6759
6761
6767
6769
6771
628
4724
629
6777
6778
4730
4733
6782
638
4735
2687
6783
4736
6785
4738
4739
6787
2691
2692
644
6790
647
2698
652
4748
656
6800
6801
657
4756
6809
671
2723
6819
679
4777
684
4786
4787
692
2744
2745
4796
4798
6847
6849
6850
710
2759
711
2760
2761
6857
4809
6858
2762
2763
2764
6860
718
2768
4818
2772
4820
4821
6870
4823
4824
729
6873
6875
6880
6884
4838
743
6887
2793
2797
4845
750
2798
2802
2805
759
762
763
4860
2813
4863
6912
6914
4867
2820
6917
4872
6922
779
4875
4876
4877
6926
2831
4880
2833
786
4884
6933
791
4888
2840
794
2843
6941
2845
4893
6943
2847
4900
2857
6956
2861
2862
2866
6962
6963
4916
4919
2877
830
2878
6976
2882
4932
2884
6981
2885
4935
6983
4937
2892
6989
2893
849
4945
853
2903
2904
858
2907
7003
859
860
863
2914
7010
7011
7018
7020
4977
7028
2933
2934
7031
2936
4984
4987
7035
894
4990
2944
7045
2950
907
7052
5004
5005
5006
910
912
5011
919
5017
922
923
7069
927
5026
2979
7076
933
7078
2986
938
7084
7086
2991
943
2992
944
945
946
7092
5045
7094
2999
7095
5049
7100
3006
3007
3008
5056
3010
7107
7109
5063
968
969
5066
5069
7118
5070
5073
979
3028
5077
7126
5079
7128
5082
7131
3036
7133
7134
7135
5088
992
7137
5089
996
997
7142
7143
3048
7146
5098
3051
1005
3053
5103
5104
1009
3057
7155
7157
3061
7159
3068
5118
7167
3073
7171
5124
3077
1029
7175
1035
1036
3087
5138
7187
5140
5143
1047
1052
7196
3102
7200
1058
7202
3107
5157
3110
5158
3111
1063
1065
7209
1066
5166
1072
5169
7219
7220
1077
7223
7224
1081
5178
5181
7229
5182
1092
3141
3143
1096
5195
5196
7246
7249
3156
7253
3157
5206
5207
5209
3161
7259
5213
1117
1118
7262
7263
7264
3170
5221
7272
7273
3181
1139
5237
1143
5240
7292
5244
1150
3202
3203
3205
3207
5257
1165
7315
7316
1173
3224
7323
3227
1180
7325
5278
3230
5282
1187
5286
3238
5287
3239
1192
7336
1193
5292
7343
7344
7349
3254
1209
1210
5308
5311
3264
7360
5314
7362
7363
3267
1220
1222
7366
5318
7370
3276
7374
7377
5333
3286
1239
7383
5335
1247
3295
3296
1248
7397
5350
1255
3304
1261
5357
5358
7409
7410
5363
3315
7412
5367
7420
1277
3325
5377
1282
1288
3337
1293
7440
3347
1301
5398
7447
1303
3352
1304
1308
5406
1311
3359
5410
1315
1316
7461
7468
3374
3375
1328
5426
5429
7478
5436
7485
5438
3391
5445
7495
3400
5450
3402
7501
7503
1361
5458
3414
1366
3418
7514
7515
7516
3422
5470
5473
3426
7525
3431
1386
1387
5488
3440
7536
1393
7538
3442
5495
5496
7545
1401
7546
7547
5499
7549
5504
3457
5506
1411
3461
1415
3464
1417
5513
3467
5516
7565
5517
3469
3470
7566
7567
1425
7569
7570
5523
1427
5524
5527
7575
1433
1434
3483
1437
3487
7584
5537
3489
7587
5540
1444
3493
1449
5547
5548
1452
5549
1455
7600
3508
7607
7609
3516
3517
5566
7615
3519
5567
1471
5568
1474
5572
1481
1482
3534
7632
3536
1490
3539
7637
1496
5593
3546
3547
1505
5603
3556
3560
1512
7659
7660
7662
5614
5619
1527
7671
5626
3579
3582
7679
5632
5633
3588
5638
1543
3592
3594
7693
1552
3602
1555
1557
7704
3608
7709
5663
5666
3618
5667
3619
5668
5671
7720
5674
7723
5675
5676
3629
1582
3633
3635
7732
3637
1590
3639
5687
1593
7739
7740
5693
7741
1599
1602
1603
5700
1605
5702
3654
3655
5708
7756
3660
7757
7760
1618
3666
3667
1619
5719
5720
7770
3674
1628
5725
7773
3681
5730
3685
7783
3687
3688
7787
5739
7788
7792
1649
7794
3700
3701
1654
5752
1662
7807
3711
3712
7810
3714
1667
7812
1668
5765
7814
3719
1673
3722
1678
7826
5779
3731
3735
3736
3738
5788
3742
5790
5792
7846
5800
7849
5804
1710
7856
3761
1720
3768
5818
1723
1726
7871
1728
7873
1729
7876
7879
3783
1736
7882
7883
5835
3788
7884
5838
7887
3792
5840
1745
3793
1747
3795
3796
7893
1750
5851
5852
1757
3807
1760
5858
3811
3813
1766
5862
7915
1773
3823
5871
1777
3826
1778
7926
3831
3834
1787
5884
1789
1790
3842
3843
3844
7945
3851
1807
5904
7954
5908
1813
3861
1814
3862
3863
7961
3866
3871
3873
5922
5925
7973
1830
3881
7978
7979
7980
5933
1837
7982
1840
1843
3892
5941
7991
1848
5945
3900
5949
3901
1854
7998
5951
8001
8006
8009
5961
8011
8013
8015
5967
5973
1877
5975
3927
1879
3929
5980
1884
5981
3938
5988
8038
1898
8043
5996
3954
6002
3955
6005
1912
3961
8058
6010
3966
1921
1922
8067
6021
1925
1928
3978
6031
6034
1939
8084
8086
6040
3993
1951
6054
1960
1962
4011
1964
1967
1970
8114
4021
4022
6071
8123
1985
6082
4037
4038
6086
8134
6090
4043
4044
2003
8148
6101
8152
4061
2014
8160
4065
2020
8165
6118
2025
2026
8171
6124
8172
2029
6126
8174
6127
4080
6128
6129
4084
4086
6134
2040
6138
6143
180
0
1
2
3
4
5
6
7
8
9
10
11
12
13
14
15
16
17
18
19
20
21
22
23
24
25
26
27
28
29
30
31
32
33
34
35
36
37
38
39
40
41
42
43
44
45
46
47
48
49
50
51
52
53
54
55
56
57
58
59
60
61
62
63
64
65
66
67
68
69
70
71
72
73
74
75
76
77
78
79
80
81
82
83
84
85
86
87
88
89
90
91
92
93
94
95
96
97
98
99
100
101
102
103
104
105
106
107
108
109
110
111
112
113
114
115
116
117
118
119
120
121
122
123
124
125
126
127
128
129
130
131
132
133
134
135
136
137
138
139
140
141
142
143
144
145
146
147
148
149
150
151
152
153
154
155
156
157
158
159
160
161
162
163
164
165
166
167
168
169
170
171
172
173
174
175
176
177
178
179
