175
2
772
7
8
776
1033
268
1036
787
1044
1812
535
1304
793
282
1050
1308
1309
1826
804
1060
37
805
40
552
297
1065
1327
306
818
308
1589
1078
1080
1592
2104
313
1849
1083
60
574
63
2111
321
1345
329
841
1611
1100
1868
77
1869
590
79
847
1105
850
1107
2131
599
344
1113
2147
1636
869
1381
358
1127
1130
1132
1900
1901
879
2160
1394
371
883
1396
2164
630
2166
375
1911
120
377
1657
1147
125
1920
642
1154
1922
1668
389
901
2183
138
1933
1423
1168
1425
1681
1171
148
1431
1945
1434
1438
1439
928
1699
421
679
937
1705
682
1196
1708
1965
430
1710
432
944
946
1203
1972
1205
1719
1720
1979
189
703
1215
448
451
963
1221
710
1990
713
1737
1738
1740
206
1743
2001
1234
2002
2004
471
1239
1500
2012
224
1760
1508
1000
745
1257
1773
2034
756
502
247
1017
1273
251
507
508
1020
1788
509
1277
1022
1534
10
32
19
99
163
4
84
7
138
47
95
